0
0.00052096
0.0020837
0.004688
0.0083332
0.013019
0.018743
0.025506
0.033305
0.04214
0.052008
0.062907
0.074835
0.087789
0.10177
0.11677
0.13279
0.14982
0.16786
0.18691
0.20697
0.22802
0.25007
0.27312
0.29714
0.32215
0.34814
0.37509
0.40302
0.4319
0.46173
0.49252
0.52425
0.55691
0.5905
0.62501
0.66044
0.69678
0.73402
0.77215
0.81117
0.85107
0.89184
0.93347
0.97596
1.0193
1.0635
1.1085
1.1543
1.2009
1.2483
1.2966
1.3456
1.3954
1.4459
1.4972
1.5493
1.602
1.6555
1.7098
1.7647
1.8203
1.8766
1.9336
1.9912
2.0495
2.1085
2.168
2.2282
2.289
2.3504
2.4124
2.4749
2.538
2.6017
2.6659
2.7306
2.7959
2.8616
2.9278
2.9946
3.0618
3.1294
3.1975
3.2661
3.335
3.4044
3.4741
3.5443
3.6148
3.6857
3.7569
3.8285
3.9004
3.9726
4.0452
4.118
4.1911
4.2644
4.338
4.4119
4.486
4.5603
4.6348
4.7095
4.7844
4.8595
4.9347
5.0101
5.0856
5.1613
5.237
5.3129
5.3889
5.4649
5.541
5.6172
5.6934
5.7697
5.846
5.9223
5.9986
6.0749
6.1511
6.2274
6.3036
6.3798
6.4559
6.532
6.6079
6.6838
6.7596
6.8353
6.9109
6.9863
7.0616
7.1368
7.2118
7.2866
7.3613
7.4358
7.5101
7.5842
7.6581
7.7318
7.8053
7.8786
7.9516
8.0243
8.0968
8.1691
8.2411
8.3128
8.3842
8.4553
8.5262
8.5967
8.6669
8.7368
8.8064
8.8757
8.9446
9.0132
9.0814
9.1493
9.2168
9.284
9.3508
9.4172
9.4833
9.5489
9.6142
9.6791
9.7436
9.8076
9.8713
9.9346
9.9974
10.06
10.122
10.183
10.245
10.305
10.366
10.426
10.485
10.544
10.602
10.661
10.718
10.775
10.832
10.888
10.944
10.999
11.054
11.109
11.163
11.216
11.269
11.322
11.374
11.425
11.477
11.527
11.577
11.627
11.676
11.725
11.774
11.821
11.869
11.916
11.962
12.008
12.053
12.098
12.143
12.187
12.23
12.274
12.316
12.358
12.4
12.441
12.482
12.522
12.562
12.602
12.641
12.679
12.717
12.755
12.792
12.829
12.865
12.901
12.936
12.971
13.005
13.039
13.073
13.106
13.139
13.171
13.203
13.235
13.266
13.296
13.327
13.356
13.386
13.415
13.443
13.472
13.499
13.527
13.554
13.581
13.607
13.633
13.658
13.683
13.708
13.733
13.757
13.78
13.804
13.827
13.849
13.872
13.893
13.915
13.936
13.957
13.978
13.998
14.018
14.038
14.057
14.076
14.095
14.113
14.131
14.149
14.166
14.183
14.2
14.217
14.233
14.249
14.265
14.281
14.296
14.311
14.325
14.34
14.354
14.368
14.382
14.395
14.408
14.421
14.434
14.446
14.459
14.471
14.482
14.494
14.505
14.517
14.527
14.538
14.549
14.559
14.569
14.579
14.589
14.598
14.608
14.617
14.626
14.635
14.643
14.652
14.66
14.668
14.676
14.684
14.691
14.699
14.706
14.713
14.72
14.727
14.734
14.74
14.747
14.753
14.759
14.765
14.771
14.777
14.782
14.788
14.793
14.799
14.804
14.809
14.814
14.818
14.823
14.828
14.832
14.837
14.841
14.845
14.849
14.853
14.857
14.861
14.865
14.868
14.872
14.875
14.879
14.882
14.885
14.888
14.891
14.894
14.897
14.9
14.903
14.906
14.908
14.911
14.913
14.916
14.918
14.92
14.923
14.925
14.927
14.929
14.931
14.933
14.935
14.937
14.939
14.941
14.942
14.944
14.946
14.947
14.949
14.95
14.952
14.953
14.955
14.956
14.957
14.959
14.96
14.961
14.962
14.964
14.965
14.966
14.967
14.968
14.969
14.97
14.971
14.972
14.973
14.973
14.974
14.975
14.976
14.977
14.977
14.978
14.979
14.98
14.98
14.981
14.981
14.982
14.983
14.983
14.984
14.984
14.985
14.985
14.986
14.986
14.987
14.987
14.988
14.988
14.988
14.989
14.989
14.99
14.99
14.99
14.991
14.991
14.991
14.992
14.992
14.992
14.992
14.993
14.993
14.993
14.993
14.994
14.994
14.994
14.994
14.995
14.995
14.995
14.995
14.995
14.995
14.996
14.996
14.996
14.996
14.996
14.996
14.997
14.997
14.997
14.997
14.997
14.997
14.997
14.997
14.997
14.998
14.998
14.998
14.998
14.998
14.998
14.998
14.998
14.998
14.998
14.998
14.998
14.998
14.999
14.999
14.999
14.999
14.999
14.999
14.999
14.999
14.999
14.999
14.999
14.999
14.999
14.999
14.999
14.999
14.999
14.999
14.999
14.999
14.999
14.999
14.999
14.999
14.999
14.999
15
15
15
15
15
15
15
15
15
15
15
15
15
15
15
15
15
15
15
15
15
15
15
15
15
15
15
15
15
15
15
15
15
15
15
15
15
15
15
15
15
15
15
15
15
15
15
15
15
15
15
15
15
15
15
15
15
15
15
15
15
15
15
15
15
15
15
15
15
15
15
15
15
15
15
15
15
15
15
15
15
15
15
15
15
15
15
15
15
15
15
15
15
15
15
15
15
15
15
15
15
15
15
15
15
15
15
15
15
15
15
15
15
15
15
15
15
15
15
15
15
15
15
15
15
15
15
15
15
15
15
15
15
15
15
15
15
15
15
15
15
15
15
15
15
15
15
15
15
15
15
15
15
15
15
15
15
15
15
15
15
15
15
15
15
15
15
15
15
15
15
15
15
15
15
15
15
15
15
15
15
15
15
15
15
15
15
15
15
15
15
15
15
15
15
15
15
15
15
15
15
15
15
15
15
15
15
15
15
15
15
15
15
15
15
15
15
15
15
15
15
15
15
15
15
15
15
15
15
15
15
15
15
15
15
15
15
15
15
15
15
15
15
15
15
15
15
15
15
15
15
15
15
15
15
15
15
15
15
15
15
15
15
15
15
15
15
15
15
15
15
15
15
15
15
15
15
15
15
15
15
15
15
15
15
15
15
15
15
15
15
15
15
15
15
15
15
15
15
15
15
15
15
15
15
15
15
15
15
15
15
15
15
15
15
15
15
15
15
15
15
15
15
15
15
15
15
15
15
15
15
15
15
15
15
15
15
15
15
15
15
15
15
15
15
15
15
15
15
15
15
15
15
15
15
15
15
15
15
15
15
15
15
15
15
15
15
15
15
15
15
15
15
15
15
15
15
15
15
15
15
15
15
15
15
15
15
15
15
15
15
15
15
15
15
15
15
15
15
15
15
15
15
15
15
15
15
15
15
15
15
15
15
15
15
15
15
15
15
15
15
15
15
15
15
15
15
15
15
15
15
15
15
15
15
15
15
15
15
15
15
15
15
15
15
15
15
15
15
15
15
15
15
15
15
15
15
15
15
15
15
15
15
15
15
15
15
15
15
15
15
15
15
15
15
15
15
15
15
15
15
15
15
15
15
15
15
15
15
15
15
15
15
15
15
15
15
15
15
15
15
15
15
15
15
15
15
15
15
15
15
15
15
15
15
15
15
15
15
15
15
15
15
15
15
15
15
15
15
15
15
15
15
15
15
15
15
15
15
15
15
15
15
15
15
15
15
15
15
15
15
15
15
15
15
15
15
15
15
15
15
15
15
15
15
15
15
15
15
15
15
15
15
15
15
15
15
15
15
15
15
15
15
15
15
15
15
15
15
15
15
15
15
15
15
15
15
15
15
15
15
15
15
15
15
15
15
15
15
15
15
15
15
15
15
15
15
15
15
15
15
15
15
15
15
15
15
15
15
15
15
15
15
15
15
15
15
15
15
15
15
15
15
15
15
15
15
15
15
15
15
15
15
15
15
15
15
15
15
15
15
15
15
15
15
15
15
15
15
15
15
15
15
15
15
15
15
15
15
15
15
15
15
15
15
15
15
15
15
15
15
15
15
15
15
15
15
15
15
15
15
15
15
15
15
15
15
15
15
15
15
15
15
15
15
15
15
15
15
15
15
15
15
15
15
15
15
15
15
15
15
15
15
15
15
15
15
15
15
15
15
15
15
15
15
15
15
15
15
15
15
15
15
15
15
15
15
15
15
15
15
15
15
15
15
15
15
15
15
15
15
15
15
15
15
15
15
15
15
15
15
15
15
15
15
15
15
15
15
15
15
15
15
15
15
15
15
15
15
15
15
15
15
15
15
15
15
15
15
15
15
15
15
15
15
15
15
15
15
15
15
15
15
15
15
15
15
15
15
15
15
15
15
15
15
15
15
15
15
15
15
15
15
15
15
15
15
15
15
15
15
15
15
15
15
15
15
15
15
15
15
15
15
15
15
15
15
15
15
15
15
15
15
15
15
15
15
15
15
15
15
15
15
15
15
15
15
15
15
15
15
15
15
15
15
15
15
15
15
15
15
15
15
15
15
15
15
15
15
15
15
15
15
15
15
15
15
15
15
15
15
15
15
15
15
15
15
15
15
15
15
15
15
15
15
15
15
15
15
15
15
15
15
15
15
15
15
15
15
15
15
15
15
15
15
15
15
15
15
15
15
15
15
15
15
15
15
15
15
15
15
15
15
15
15
15
15
15
15
15
15
15
15
15
15
15
15
15
15
15
15
15
15
15
15
15
15
15
15
15
15
15
15
15
15
15
15
15
15
15
15
15
15
15
15
15
15
15
15
15
15
15
15
15
15
15
15
15
15
15
15
15
15
15
15
15
15
15
15
15
15
15
15
15
15
15
15
15
15
15
15
15
15
15
15
15
15
15
15
15
15
15
15
15
15
15
15
15
15
15
15
15
15
15
15
15
15
15
15
15
15
15
15
15
15
15
15
15
15
15
15
15
15
15
15
15
15
15
15
15
15
15
15
15
15
15
15
15
15
15
15
15
15
15
15
15
15
15
15
15
15
15
15
15
15
15
15
15
15
15
15
15
15
15
15
15
15
15
15
15
15
15
15
15
15
15
15
15
15
15
15
15
15
15
15
15
15
15
15
15
15
15
15
15
15
15
15
15
15
15
15
15
15
15
15
15
15
15
15
15
15
15
15
15
15
15
15
15
15
15
15
15
15
15
15
15
15
15
15
15
15
15
15
15
15
15
15
15
15
15
15
15
15
15
15
15
15
15
15
15
15
15
15
15
15
15
15
15
15
15
15
15
15
15
15
15
15
15
15
15
15
15
15
15
15
15
15
15
15
15
15
15
15
15
15
15
15
15
15
15
15
15
15
15
15
15
15
15
15
15
15
15
15
15
15
15
15
15
15
15
15
15
15
15
15
15
15
15
15
15
15
15
15
15
15
15
15
15
15
15
15
15
15
15
15
15
15
15
15
15
15
15
15
15
15
15
15
15
15
15
15
15
15
15
15
15
15
15
15
15
15
15
15
15
15
15
15
15
15
15
15
14.999
14.999
14.999
14.999
14.999
14.999
14.999
14.999
14.999
14.999
14.999
14.999
14.999
14.999
14.999
14.999
14.999
14.999
14.999
14.999
14.999
14.999
14.999
14.999
14.999
14.999
14.998
14.998
14.998
14.998
14.998
14.998
14.998
14.998
14.998
14.998
14.998
14.998
14.998
14.997
14.997
14.997
14.997
14.997
14.997
14.997
14.997
14.997
14.996
14.996
14.996
14.996
14.996
14.996
14.995
14.995
14.995
14.995
14.995
14.995
14.994
14.994
14.994
14.994
14.993
14.993
14.993
14.993
14.992
14.992
14.992
14.992
14.991
14.991
14.991
14.99
14.99
14.99
14.989
14.989
14.988
14.988
14.988
14.987
14.987
14.986
14.986
14.985
14.985
14.984
14.984
14.983
14.983
14.982
14.981
14.981
14.98
14.98
14.979
14.978
14.977
14.977
14.976
14.975
14.974
14.973
14.973
14.972
14.971
14.97
14.969
14.968
14.967
14.966
14.965
14.964
14.962
14.961
14.96
14.959
14.957
14.956
14.955
14.953
14.952
14.95
14.949
14.947
14.946
14.944
14.942
14.941
14.939
14.937
14.935
14.933
14.931
14.929
14.927
14.925
14.923
14.92
14.918
14.916
14.913
14.911
14.908
14.906
14.903
14.9
14.897
14.894
14.891
14.888
14.885
14.882
14.879
14.875
14.872
14.868
14.865
14.861
14.857
14.853
14.849
14.845
14.841
14.837
14.832
14.828
14.823
14.818
14.814
14.809
14.804
14.799
14.793
14.788
14.782
14.777
14.771
14.765
14.759
14.753
14.747
14.74
14.734
14.727
14.72
14.713
14.706
14.699
14.691
14.684
14.676
14.668
14.66
14.652
14.643
14.635
14.626
14.617
14.608
14.598
14.589
14.579
14.569
14.559
14.549
14.538
14.527
14.517
14.505
14.494
14.482
14.471
14.459
14.446
14.434
14.421
14.408
14.395
14.382
14.368
14.354
14.34
14.325
14.311
14.296
14.281
14.265
14.249
14.233
14.217
14.2
14.183
14.166
14.149
14.131
14.113
14.095
14.076
14.057
14.038
14.018
13.998
13.978
13.957
13.936
13.915
13.893
13.872
13.849
13.827
13.804
13.78
13.757
13.733
13.708
13.683
13.658
13.633
13.607
13.581
13.554
13.527
13.499
13.472
13.443
13.415
13.386
13.356
13.327
13.296
13.266
13.235
13.203
13.171
13.139
13.106
13.073
13.039
13.005
12.971
12.936
12.901
12.865
12.829
12.792
12.755
12.717
12.679
12.641
12.602
12.562
12.522
12.482
12.441
12.4
12.358
12.316
12.274
12.23
12.187
12.143
12.098
12.053
12.008
11.962
11.916
11.869
11.821
11.774
11.725
11.676
11.627
11.577
11.527
11.477
11.425
11.374
11.322
11.269
11.216
11.163
11.109
11.054
10.999
10.944
10.888
10.832
10.775
10.718
10.661
10.602
10.544
10.485
10.426
10.366
10.305
10.245
10.183
10.122
10.06
9.9974
9.9346
9.8713
9.8076
9.7436
9.6791
9.6142
9.5489
9.4833
9.4172
9.3508
9.284
9.2168
9.1493
9.0814
9.0132
8.9446
8.8757
8.8064
8.7368
8.6669
8.5967
8.5262
8.4553
8.3842
8.3128
8.2411
8.1691
8.0968
8.0243
7.9516
7.8786
7.8053
7.7318
7.6581
7.5842
7.5101
7.4358
7.3613
7.2866
7.2118
7.1368
7.0616
6.9863
6.9109
6.8353
6.7596
6.6838
6.6079
6.532
6.4559
6.3798
6.3036
6.2274
6.1511
6.0749
5.9986
5.9223
5.846
5.7697
5.6934
5.6172
5.541
5.4649
5.3889
5.3129
5.237
5.1613
5.0856
5.0101
4.9347
4.8595
4.7844
4.7095
4.6348
4.5603
4.486
4.4119
4.338
4.2644
4.1911
4.118
4.0452
3.9726
3.9004
3.8285
3.7569
3.6857
3.6148
3.5443
3.4741
3.4044
3.335
3.2661
3.1975
3.1294
3.0618
2.9946
2.9278
2.8616
2.7959
2.7306
2.6659
2.6017
2.538
2.4749
2.4124
2.3504
2.289
2.2282
2.168
2.1085
2.0495
1.9912
1.9336
1.8766
1.8203
1.7647
1.7098
1.6555
1.602
1.5493
1.4972
1.4459
1.3954
1.3456
1.2966
1.2483
1.2009
1.1543
1.1085
1.0635
1.0193
0.97596
0.93347
0.89184
0.85107
0.81117
0.77215
0.73402
0.69678
0.66044
0.62501
0.5905
0.55691
0.52425
0.49252
0.46173
0.4319
0.40302
0.37509
0.34814
0.32215
0.29714
0.27312
0.25007
0.22802
0.20697
0.18691
0.16786
0.14982
0.13279
0.11677
0.10177
0.087789
0.074835
0.062907
0.052008
0.04214
0.033305
0.025506
0.018743
0.013019
0.0083332
0.004688
0.0020837
0.00052096
0
