356.97
353.94
350.92
347.89
344.87
341.86
338.84
335.83
332.82
329.81
326.81
323.81
320.81
317.81
314.81
311.82
308.83
305.85
302.86
299.88
296.9
293.92
290.95
287.98
285.01
282.04
279.08
276.11
273.16
270.2
267.25
264.29
261.35
258.4
255.45
252.51
249.57
246.64
243.71
240.77
237.85
234.92
232
229.08
226.16
223.24
220.33
217.42
214.51
211.6
208.7
205.8
202.9
200.01
197.11
194.22
191.33
188.45
185.57
182.69
179.81
176.93
174.06
171.19
168.32
165.46
162.6
159.74
156.88
154.02
151.17
148.32
145.47
142.63
139.79
136.95
134.11
131.28
128.44
125.62
122.79
119.96
117.14
114.32
111.51
108.69
105.88
103.07
100.27
97.462
94.66
91.861
89.065
86.271
83.48
80.691
77.905
75.121
72.34
69.562
66.786
64.012
61.241
58.473
55.707
52.944
50.183
47.425
44.669
41.916
39.165
36.417
33.672
30.929
28.188
25.451
22.715
19.982
17.252
14.525
11.799
9.0767
6.3567
3.6391
0.92412
358.21
355.5
352.79
350.09
347.39
344.69
341.99
339.3
336.6
333.91
331.23
328.54
325.86
323.18
320.5
317.83
315.16
312.49
309.82
307.16
304.5
301.84
299.18
296.53
293.88
291.23
288.58
285.94
283.3
280.66
278.02
275.39
272.76
270.13
267.5
264.88
262.26
259.64
257.02
254.41
251.8
249.19
246.58
243.98
241.38
238.78
236.19
233.59
231
228.42
225.83
223.25
220.67
218.09
215.51
212.94
210.37
207.8
205.24
202.68
200.12
197.56
195
192.45
189.9
187.36
184.81
182.27
179.73
177.19
174.66
172.13
169.6
167.07
164.54
162.02
159.5
156.99
154.47
151.96
149.45
146.95
144.44
141.94
139.44
136.94
134.45
131.96
129.47
126.98
124.5
122.02
119.54
117.07
114.59
112.12
109.65
107.19
104.72
102.26
99.804
97.348
94.895
92.445
89.997
87.551
85.108
82.668
80.23
77.794
75.362
72.931
70.504
68.078
65.656
63.236
60.818
58.403
55.991
53.581
51.173
48.768
46.366
43.966
41.569
39.174
36.782
34.393
32.006
29.621
27.239
24.86
22.483
20.108
17.737
15.367
13.001
10.636
8.2748
5.9157
3.5591
1.2051
358.85
356.5
354.16
351.81
349.47
347.13
344.8
342.46
340.13
337.8
335.48
333.16
330.83
328.52
326.2
323.89
321.58
319.27
316.96
314.66
312.36
310.06
307.76
305.47
303.18
300.89
298.61
296.32
294.04
291.77
289.49
287.22
284.95
282.68
280.42
278.15
275.89
273.64
271.38
269.13
266.88
264.63
262.39
260.15
257.91
255.67
253.43
251.2
248.97
246.75
244.52
242.3
240.08
237.86
235.65
233.44
231.23
229.02
226.82
224.62
222.42
220.22
218.03
215.84
213.65
211.46
209.28
207.1
204.92
202.74
200.57
198.4
196.23
194.06
191.9
189.74
187.58
185.42
183.27
181.12
178.97
176.83
174.68
172.54
170.41
168.27
166.14
164.01
161.88
159.75
157.63
155.51
153.39
151.28
149.17
147.06
144.95
142.84
140.74
138.64
136.54
134.45
132.36
130.27
128.18
126.1
124.01
121.93
119.86
117.78
115.71
113.64
111.58
109.51
107.45
105.39
103.33
101.28
99.228
97.179
95.133
93.089
91.048
89.009
86.973
84.939
82.908
80.879
78.853
76.83
74.809
72.79
70.774
68.761
66.75
64.742
62.736
60.733
58.732
56.734
54.739
52.746
50.755
48.767
46.782
44.799
42.819
40.841
38.866
36.893
34.923
32.955
30.99
29.027
27.068
25.11
23.155
21.203
19.253
17.306
15.361
13.419
11.479
9.5421
7.6075
5.6755
3.746
1.8191
359.89
357.97
356.05
354.14
352.22
350.31
348.4
346.5
344.59
342.69
340.79
338.89
337
335.11
333.22
331.33
329.45
327.57
325.69
323.81
321.94
320.07
318.2
316.34
314.47
312.61
310.75
308.9
307.04
305.19
303.34
301.5
299.66
297.82
295.98
294.14
292.31
290.48
288.65
286.83
285
283.18
281.37
279.55
277.74
275.93
274.12
272.32
270.51
268.71
266.92
265.12
263.33
261.54
259.75
257.97
256.19
254.41
252.63
250.86
249.08
247.31
245.55
243.78
242.02
240.26
238.51
236.75
235
233.25
231.5
229.76
228.02
226.28
224.54
222.81
221.08
219.35
217.62
215.9
214.18
212.46
210.75
209.03
207.32
205.61
203.91
202.2
200.5
198.8
197.11
195.42
193.73
192.04
190.35
188.67
186.99
185.31
183.64
181.96
180.29
178.63
176.96
175.3
173.64
171.98
170.33
168.67
167.02
165.38
163.73
162.09
160.45
158.81
157.18
155.55
153.92
152.29
150.66
149.04
147.42
145.81
144.19
142.58
140.97
139.36
137.76
136.16
134.56
132.96
131.37
129.78
128.19
126.6
125.02
123.44
121.86
120.28
118.71
117.14
115.57
114
112.44
110.88
109.32
107.77
106.21
104.66
103.11
101.57
100.03
98.485
96.947
95.411
93.879
92.348
90.82
89.295
87.772
86.252
84.735
83.219
81.707
80.197
78.689
77.184
75.682
74.182
72.685
71.19
69.698
68.208
66.721
65.236
63.754
62.275
60.798
59.323
57.851
56.382
54.915
53.451
51.989
50.53
49.074
47.619
46.168
44.719
43.272
41.828
40.387
38.948
37.512
36.078
34.647
33.218
31.792
30.369
28.947
27.529
26.113
24.7
23.289
21.88
20.475
19.071
17.671
16.272
14.877
13.484
12.093
10.705
9.3197
7.9368
6.5564
5.1786
3.8033
2.4305
1.0603
359.69
358.33
356.96
355.6
354.25
352.89
351.54
350.19
348.84
347.5
346.16
344.82
343.48
342.14
340.81
339.48
338.16
336.83
335.51
334.19
332.87
331.56
330.25
328.94
327.63
326.33
325.03
323.73
322.43
321.14
319.84
318.56
317.27
315.99
314.7
313.43
312.15
310.88
309.61
308.34
307.07
305.81
304.55
303.29
302.03
300.78
299.53
298.28
297.03
295.79
294.55
293.31
292.08
290.84
289.61
288.39
287.16
285.94
284.72
283.5
282.28
281.07
279.86
278.65
277.45
276.25
275.05
273.85
272.66
271.46
270.27
269.09
267.9
266.72
265.54
264.36
263.19
262.02
260.85
259.68
258.52
257.35
256.19
255.04
253.88
252.73
251.58
250.44
249.29
248.15
247.01
245.88
244.74
243.61
242.48
241.36
240.23
239.11
237.99
236.88
235.76
234.65
233.54
232.44
231.34
230.23
229.14
228.04
226.95
225.86
224.77
223.68
222.6
221.52
220.44
219.37
218.29
217.22
216.16
215.09
214.03
212.97
211.91
210.86
209.8
208.75
207.71
206.66
205.62
204.58
203.54
202.51
201.48
200.45
199.42
198.39
197.37
196.35
195.34
194.32
193.31
192.3
191.29
190.29
189.29
188.29
187.29
186.3
185.31
184.32
183.33
182.35
181.37
180.39
179.41
178.44
177.47
176.5
175.53
174.57
173.61
172.65
171.69
170.74
169.79
168.84
167.9
166.95
166.01
165.07
164.14
163.21
162.28
161.35
160.42
159.5
158.58
157.66
156.75
155.83
154.92
154.02
153.11
152.21
151.31
150.41
149.52
148.62
147.73
146.85
145.96
145.08
144.2
143.32
142.45
141.58
140.71
139.84
138.98
138.12
137.26
136.4
135.55
134.69
133.84
133
132.15
131.31
130.47
129.64
128.8
127.97
127.14
126.32
125.49
124.67
123.85
123.04
122.22
121.41
120.61
119.8
119
118.2
117.4
116.6
115.81
115.02
114.23
113.44
112.66
111.88
111.1
110.33
109.55
108.78
108.02
107.25
106.49
105.73
104.97
104.22
103.46
102.71
101.97
101.22
100.48
99.74
99.002
98.268
97.535
96.806
96.079
95.354
94.632
93.913
93.196
92.482
91.77
91.061
90.354
89.65
88.948
88.249
87.553
86.859
86.167
85.478
84.792
84.108
83.427
82.748
82.072
81.398
80.727
80.058
79.392
78.729
78.068
77.409
76.754
76.1
75.449
74.801
74.156
73.512
72.872
72.234
71.598
70.965
70.335
69.707
69.081
68.459
67.838
67.221
66.605
65.993
65.383
64.775
64.17
63.568
62.968
62.37
61.775
61.183
60.593
60.006
59.421
58.839
58.26
57.683
57.108
56.536
55.967
55.4
54.835
54.274
53.714
53.158
52.603
52.052
51.503
50.956
50.412
49.871
49.332
48.795
48.261
47.73
47.201
46.675
46.151
45.63
45.112
44.596
44.082
43.571
43.063
42.557
42.053
41.553
41.054
40.559
40.066
39.575
39.087
38.601
38.118
37.638
37.16
36.685
36.212
35.741
35.274
34.808
34.346
33.886
33.428
32.973
32.52
32.071
31.623
31.178
30.736
30.296
29.859
29.424
28.992
28.562
28.135
27.711
27.289
26.869
26.452
26.038
25.626
25.217
24.81
24.406
24.004
23.605
23.209
22.815
22.423
22.034
21.648
21.264
20.883
20.504
20.128
19.754
19.383
19.014
18.648
18.285
17.924
17.565
17.209
16.856
16.505
16.157
15.811
15.468
15.127
14.789
14.454
14.121
13.79
13.462
13.137
12.814
12.494
12.176
11.861
11.548
11.238
10.93
10.625
10.323
10.023
9.7252
9.4303
9.138
8.8482
8.5609
8.2762
7.994
7.7144
7.4373
7.1628
6.8907
6.6213
6.3544
6.09
5.8281
5.5688
5.3121
5.0579
4.8062
4.5571
4.3105
4.0664
3.8249
3.586
3.3496
3.1157
2.8843
2.6556
2.4293
2.2056
1.9844
1.7658
1.5497
1.3362
1.1252
0.91674
0.71083
0.50745
0.30663
0.10834
359.91
359.72
359.53
359.34
359.16
358.97
358.79
358.61
358.44
358.27
358.09
357.93
357.76
357.6
357.44
357.28
357.13
356.97
356.82
356.68
356.53
356.39
356.25
356.11
355.98
355.85
355.72
355.59
355.46
355.34
355.22
355.11
354.99
354.88
354.77
354.66
354.56
354.46
354.36
354.26
354.17
354.08
353.99
353.9
353.82
353.74
353.66
353.58
353.51
353.44
353.37
353.3
353.24
353.18
353.12
353.06
353.01
352.96
352.91
352.86
352.82
352.78
352.74
352.71
352.67
352.64
352.61
352.59
352.57
352.55
352.53
352.51
352.5
352.49
352.48
352.48
352.47
352.47
352.48
352.48
352.49
352.5
352.51
352.53
352.55
352.57
352.59
352.61
352.64
352.67
352.71
352.74
352.78
352.82
352.86
352.91
352.96
353.01
353.06
353.12
353.18
353.24
353.3
353.37
353.44
353.51
353.58
353.66
353.74
353.82
353.9
353.99
354.08
354.17
354.26
354.36
354.46
354.56
354.66
354.77
354.88
354.99
355.11
355.22
355.34
355.46
355.59
355.72
355.85
355.98
356.11
356.25
356.39
356.53
356.68
356.82
356.97
357.13
357.28
357.44
357.6
357.76
357.93
358.09
358.27
358.44
358.61
358.79
358.97
359.16
359.34
359.53
359.72
359.91
0.10834
0.30663
0.50745
0.71083
0.91674
1.1252
1.3362
1.5497
1.7658
1.9844
2.2056
2.4293
2.6556
2.8843
3.1157
3.3496
3.586
3.8249
4.0664
4.3105
4.5571
4.8062
5.0579
5.3121
5.5688
5.8281
6.09
6.3544
6.6213
6.8907
7.1628
7.4373
7.7144
7.994
8.2762
8.5609
8.8482
9.138
9.4303
9.7252
10.023
10.323
10.625
10.93
11.238
11.548
11.861
12.176
12.494
12.814
13.137
13.462
13.79
14.121
14.454
14.789
15.127
15.468
15.811
16.157
16.505
16.856
17.209
17.565
17.924
18.285
18.648
19.014
19.383
19.754
20.128
20.504
20.883
21.264
21.648
22.034
22.423
22.815
23.209
23.605
24.004
24.406
24.81
25.217
25.626
26.038
26.452
26.869
27.289
27.711
28.135
28.562
28.992
29.424
29.859
30.296
30.736
31.178
31.623
32.071
32.52
32.973
33.428
33.886
34.346
34.808
35.274
35.741
36.212
36.685
37.16
37.638
38.118
38.601
39.087
39.575
40.066
40.559
41.054
41.553
42.053
42.557
43.063
43.571
44.082
44.596
45.112
45.63
46.151
46.675
47.201
47.73
48.261
48.795
49.332
49.871
50.412
50.956
51.503
52.052
52.603
53.158
53.714
54.274
54.835
55.4
55.967
56.536
57.108
57.683
58.26
58.839
59.421
60.006
60.593
61.183
61.775
62.37
62.968
63.568
64.17
64.775
65.383
65.993
66.605
67.221
67.838
68.459
69.081
69.707
70.335
70.965
71.598
72.234
72.872
73.512
74.156
74.801
75.449
76.1
76.754
77.409
78.068
78.729
79.392
80.058
80.727
81.398
82.072
82.748
83.427
84.108
84.792
85.478
86.167
86.859
87.553
88.249
88.948
89.65
90.354
91.061
91.77
92.482
93.196
93.913
94.632
95.354
96.079
96.806
97.535
98.268
99.002
99.74
100.48
101.22
101.97
102.71
103.46
104.22
104.97
105.73
106.49
107.25
108.02
108.78
109.55
110.33
111.1
111.88
112.66
113.44
114.23
115.02
115.81
116.6
117.4
118.2
119
119.8
120.61
121.41
122.22
123.04
123.85
124.67
125.49
126.32
127.14
127.97
128.8
129.64
130.47
131.31
132.15
133
133.84
134.69
135.55
136.4
137.26
138.12
138.98
139.84
140.71
141.58
142.45
143.32
144.2
145.08
145.96
146.85
147.73
148.62
149.52
150.41
151.31
152.21
153.11
154.02
154.92
155.83
156.75
157.66
158.58
159.5
160.42
161.35
162.28
163.21
164.14
165.07
166.01
166.95
167.9
168.84
169.79
170.74
171.69
172.65
173.61
174.57
175.53
176.5
177.47
178.44
179.41
180.39
181.37
182.35
183.33
184.32
185.31
186.3
187.29
188.29
189.29
190.29
191.29
192.3
193.31
194.32
195.34
196.35
197.37
198.39
199.42
200.45
201.48
202.51
203.54
204.58
205.62
206.66
207.71
208.75
209.8
210.86
211.91
212.97
214.03
215.09
216.16
217.22
218.29
219.37
220.44
221.52
222.6
223.68
224.77
225.86
226.95
228.04
229.14
230.23
231.34
232.44
233.54
234.65
235.76
236.88
237.99
239.11
240.23
241.36
242.48
243.61
244.74
245.88
247.01
248.15
249.29
250.44
251.58
252.73
253.88
255.04
256.19
257.35
258.52
259.68
260.85
262.02
263.19
264.36
265.54
266.72
267.9
269.09
270.27
271.46
272.66
273.85
275.05
276.25
277.45
278.65
279.86
281.07
282.28
283.5
284.72
285.94
287.16
288.39
289.61
290.84
292.08
293.31
294.55
295.79
297.03
298.28
299.53
300.78
302.03
303.29
304.55
305.81
307.07
308.34
309.61
310.88
312.15
313.43
314.7
315.99
317.27
318.56
319.84
321.14
322.43
323.73
325.03
326.33
327.63
328.94
330.25
331.56
332.87
334.19
335.51
336.83
338.16
339.48
340.81
342.14
343.48
344.82
346.16
347.5
348.84
350.19
351.54
352.89
354.25
355.6
356.96
358.33
359.69
1.0603
2.4305
3.8033
5.1786
6.5564
7.9368
9.3197
10.705
12.093
13.484
14.877
16.272
17.671
19.071
20.475
21.88
23.289
24.7
26.113
27.529
28.947
30.369
31.792
33.218
34.647
36.078
37.512
38.948
40.387
41.828
43.272
44.719
46.168
47.619
49.074
50.53
51.989
53.451
54.915
56.382
57.851
59.323
60.798
62.275
63.754
65.236
66.721
68.208
69.698
71.19
72.685
74.182
75.682
77.184
78.689
80.197
81.707
83.219
84.735
86.252
87.772
89.295
90.82
92.348
93.879
95.411
96.947
98.485
100.03
101.57
103.11
104.66
106.21
107.77
109.32
110.88
112.44
114
115.57
117.14
118.71
120.28
121.86
123.44
125.02
126.6
128.19
129.78
131.37
132.96
134.56
136.16
137.76
139.36
140.97
142.58
144.19
145.81
147.42
149.04
150.66
152.29
153.92
155.55
157.18
158.81
160.45
162.09
163.73
165.38
167.02
168.67
170.33
171.98
173.64
175.3
176.96
178.63
180.29
181.96
183.64
185.31
186.99
188.67
190.35
192.04
193.73
195.42
197.11
198.8
200.5
202.2
203.91
205.61
207.32
209.03
210.75
212.46
214.18
215.9
217.62
219.35
221.08
222.81
224.54
226.28
228.02
229.76
231.5
233.25
235
236.75
238.51
240.26
242.02
243.78
245.55
247.31
249.08
250.86
252.63
254.41
256.19
257.97
259.75
261.54
263.33
265.12
266.92
268.71
270.51
272.32
274.12
275.93
277.74
279.55
281.37
283.18
285
286.83
288.65
290.48
292.31
294.14
295.98
297.82
299.66
301.5
303.34
305.19
307.04
308.9
310.75
312.61
314.47
316.34
318.2
320.07
321.94
323.81
325.69
327.57
329.45
331.33
333.22
335.11
337
338.89
340.79
342.69
344.59
346.5
348.4
350.31
352.22
354.14
356.05
357.97
359.89
1.8191
3.746
5.6755
7.6075
9.5421
11.479
13.419
15.361
17.306
19.253
21.203
23.155
25.11
27.068
29.027
30.99
32.955
34.923
36.893
38.866
40.841
42.819
44.799
46.782
48.767
50.755
52.746
54.739
56.734
58.732
60.733
62.736
64.742
66.75
68.761
70.774
72.79
74.809
76.83
78.853
80.879
82.908
84.939
86.973
89.009
91.048
93.089
95.133
97.179
99.228
101.28
103.33
105.39
107.45
109.51
111.58
113.64
115.71
117.78
119.86
121.93
124.01
126.1
128.18
130.27
132.36
134.45
136.54
138.64
140.74
142.84
144.95
147.06
149.17
151.28
153.39
155.51
157.63
159.75
161.88
164.01
166.14
168.27
170.41
172.54
174.68
176.83
178.97
181.12
183.27
185.42
187.58
189.74
191.9
194.06
196.23
198.4
200.57
202.74
204.92
207.1
209.28
211.46
213.65
215.84
218.03
220.22
222.42
224.62
226.82
229.02
231.23
233.44
235.65
237.86
240.08
242.3
244.52
246.75
248.97
251.2
253.43
255.67
257.91
260.15
262.39
264.63
266.88
269.13
271.38
273.64
275.89
278.15
280.42
282.68
284.95
287.22
289.49
291.77
294.04
296.32
298.61
300.89
303.18
305.47
307.76
310.06
312.36
314.66
316.96
319.27
321.58
323.89
326.2
328.52
330.83
333.16
335.48
337.8
340.13
342.46
344.8
347.13
349.47
351.81
354.16
356.5
358.85
1.2051
3.5591
5.9157
8.2748
10.636
13.001
15.367
17.737
20.108
22.483
24.86
27.239
29.621
32.006
34.393
36.782
39.174
41.569
43.966
46.366
48.768
51.173
53.581
55.991
58.403
60.818
63.236
65.656
68.078
70.504
72.931
75.362
77.794
80.23
82.668
85.108
87.551
89.997
92.445
94.895
97.348
99.804
102.26
104.72
107.19
109.65
112.12
114.59
117.07
119.54
122.02
124.5
126.98
129.47
131.96
134.45
136.94
139.44
141.94
144.44
146.95
149.45
151.96
154.47
156.99
159.5
162.02
164.54
167.07
169.6
172.13
174.66
177.19
179.73
182.27
184.81
187.36
189.9
192.45
195
197.56
200.12
202.68
205.24
207.8
210.37
212.94
215.51
218.09
220.67
223.25
225.83
228.42
231
233.59
236.19
238.78
241.38
243.98
246.58
249.19
251.8
254.41
257.02
259.64
262.26
264.88
267.5
270.13
272.76
275.39
278.02
280.66
283.3
285.94
288.58
291.23
293.88
296.53
299.18
301.84
304.5
307.16
309.82
312.49
315.16
317.83
320.5
323.18
325.86
328.54
331.23
333.91
336.6
339.3
341.99
344.69
347.39
350.09
352.79
355.5
358.21
0.92412
3.6391
6.3567
9.0767
11.799
14.525
17.252
19.982
22.715
25.451
28.188
30.929
33.672
36.417
39.165
41.916
44.669
47.425
50.183
52.944
55.707
58.473
61.241
64.012
66.786
69.562
72.34
75.121
77.905
80.691
83.48
86.271
89.065
91.861
94.66
97.462
100.27
103.07
105.88
108.69
111.51
114.32
117.14
119.96
122.79
125.62
128.44
131.28
134.11
136.95
139.79
142.63
145.47
148.32
151.17
154.02
156.88
159.74
162.6
165.46
168.32
171.19
174.06
176.93
179.81
182.69
185.57
188.45
191.33
194.22
197.11
200.01
202.9
205.8
208.7
211.6
214.51
217.42
220.33
223.24
226.16
229.08
232
234.92
237.85
240.77
243.71
246.64
249.57
252.51
255.45
258.4
261.35
264.29
267.25
270.2
273.16
276.11
279.08
282.04
285.01
287.98
290.95
293.92
296.9
299.88
302.86
305.85
308.83
311.82
314.81
317.81
320.81
323.81
326.81
329.81
332.82
335.83
338.84
341.86
344.87
347.89
350.92
353.94
356.97
360
