356.97
353.94
350.91
347.88
344.86
341.83
338.8
335.78
332.75
329.73
326.7
323.68
320.65
317.63
314.61
311.59
308.57
305.55
302.53
299.51
296.49
293.48
290.46
287.44
284.43
281.41
278.4
275.39
272.37
269.36
266.35
263.34
260.33
257.32
254.31
251.3
248.29
245.28
242.28
239.27
236.26
233.26
230.25
227.25
224.25
221.24
218.24
215.24
212.24
209.24
206.24
203.24
200.24
197.25
194.25
191.25
188.26
185.26
182.27
179.27
176.28
173.29
170.29
167.3
164.31
161.32
158.33
155.34
152.35
149.37
146.38
143.39
140.41
137.42
134.44
131.45
128.47
125.48
122.5
119.52
116.54
113.56
110.58
107.6
104.62
101.64
98.665
95.688
92.712
89.736
86.761
83.787
80.813
77.84
74.867
71.895
68.924
65.953
62.983
60.013
57.044
54.076
51.108
48.141
45.175
42.209
39.244
36.279
33.315
30.352
27.389
24.427
21.465
18.504
15.544
12.584
9.6252
6.6668
3.7089
0.75165
357.8
354.84
351.88
348.93
345.97
343.02
340.07
337.12
334.16
331.21
328.26
325.31
322.36
319.41
316.47
313.52
310.57
307.63
304.68
301.74
298.79
295.85
292.9
289.96
287.02
284.08
281.14
278.2
275.26
272.32
269.38
266.44
263.51
260.57
257.63
254.7
251.76
248.83
245.9
242.96
240.03
237.1
234.17
231.24
228.31
225.38
222.45
219.52
216.6
213.67
210.74
207.82
204.89
201.97
199.05
196.12
193.2
190.28
187.36
184.44
181.52
178.6
175.68
172.76
169.85
166.93
164.01
161.1
158.18
155.27
152.35
149.44
146.53
143.62
140.71
137.79
134.88
131.98
129.07
126.16
123.25
120.34
117.44
114.53
111.63
108.72
105.82
102.91
100.01
97.11
94.208
91.307
88.407
85.508
82.609
79.71
76.812
73.915
71.019
68.123
65.227
62.333
59.439
56.545
53.652
50.76
47.868
44.977
42.087
39.197
36.308
33.419
30.531
27.644
24.757
21.871
18.986
16.101
13.216
10.333
7.4497
4.5672
1.6854
358.8
355.92
353.04
350.16
347.29
344.41
341.53
338.65
335.78
332.9
330.03
327.15
324.28
321.4
318.53
315.66
312.79
309.92
307.05
304.18
301.31
298.44
295.57
292.71
289.84
286.97
284.11
281.24
278.38
275.52
272.65
269.79
266.93
264.07
261.21
258.35
255.49
252.63
249.77
246.91
244.06
241.2
238.35
235.49
232.64
229.78
226.93
224.08
221.23
218.38
215.52
212.67
209.83
206.98
204.13
201.28
198.43
195.59
192.74
189.9
187.05
184.21
181.37
178.52
175.68
172.84
170
167.16
164.32
161.48
158.64
155.8
152.97
150.13
147.3
144.46
141.63
138.79
135.96
133.13
130.29
127.46
124.63
121.8
118.97
116.14
113.31
110.49
107.66
104.83
102.01
99.18
96.355
93.531
90.707
87.884
85.062
82.24
79.419
76.598
73.778
70.959
68.14
65.322
62.505
59.688
56.872
54.056
51.241
48.427
45.613
42.8
39.987
37.175
34.364
31.553
28.743
25.934
23.125
20.317
17.509
14.702
11.896
9.0898
6.2846
3.48
0.67607
357.87
355.07
352.27
349.47
346.67
343.87
341.07
338.27
335.47
332.67
329.87
327.08
324.28
321.48
318.69
315.9
313.1
310.31
307.52
304.73
301.93
299.14
296.35
293.56
290.78
287.99
285.2
282.41
279.63
276.84
274.06
271.27
268.49
265.71
262.92
260.14
257.36
254.58
251.8
249.02
246.24
243.46
240.69
237.91
235.13
232.36
229.58
226.81
224.03
221.26
218.49
215.71
212.94
210.17
207.4
204.63
201.86
199.1
196.33
193.56
190.79
188.03
185.26
182.5
179.73
176.97
174.21
171.44
168.68
165.92
163.16
160.4
157.64
154.88
152.13
149.37
146.61
143.86
141.1
138.35
135.59
132.84
130.08
127.33
124.58
121.83
119.08
116.33
113.58
110.83
108.08
105.33
102.59
99.841
97.095
94.35
91.606
88.862
86.119
83.376
80.634
77.893
75.152
72.412
69.672
66.933
64.195
61.457
58.72
55.983
53.247
50.512
47.777
45.043
42.31
39.577
36.845
34.113
31.382
28.652
25.922
23.193
20.464
17.736
15.009
12.282
9.5563
6.8308
4.106
1.3817
358.66
355.94
353.21
350.49
347.77
345.05
342.33
339.61
336.89
334.17
331.46
328.74
326.02
323.31
320.59
317.88
315.16
312.45
309.74
307.03
304.31
301.6
298.89
296.18
293.47
290.77
288.06
285.35
282.65
279.94
277.23
274.53
271.83
269.12
266.42
263.72
261.02
258.31
255.61
252.91
250.22
247.52
244.82
242.12
239.42
236.73
234.03
231.34
228.64
225.95
223.26
220.57
217.87
215.18
212.49
209.8
207.11
204.42
201.74
199.05
196.36
193.68
190.99
188.3
185.62
182.94
180.25
177.57
174.89
172.21
169.53
166.85
164.17
161.49
158.81
156.13
153.46
150.78
148.1
145.43
142.75
140.08
137.41
134.73
132.06
129.39
126.72
124.05
121.38
118.71
116.04
113.37
110.71
108.04
105.37
102.71
100.04
97.379
94.716
92.053
89.39
86.729
84.068
81.407
78.747
76.088
73.429
70.771
68.114
65.457
62.801
60.145
57.49
54.836
52.182
49.529
46.877
44.225
41.573
38.923
36.273
33.623
30.974
28.326
25.679
23.032
20.385
17.739
15.094
12.45
9.8058
7.1625
4.5198
1.8777
359.24
356.6
353.96
351.32
348.68
346.04
343.4
340.76
338.13
335.49
332.86
330.22
327.59
324.95
322.32
319.69
317.06
314.42
311.79
309.16
306.54
303.91
301.28
298.65
296.02
293.4
290.77
288.15
285.52
282.9
280.28
277.65
275.03
272.41
269.79
267.17
264.55
261.93
259.31
256.7
254.08
251.46
248.85
246.23
243.62
241
238.39
235.78
233.17
230.55
227.94
225.33
222.72
220.12
217.51
214.9
212.29
209.69
207.08
204.47
201.87
199.27
196.66
194.06
191.46
188.86
186.25
183.65
181.05
178.46
175.86
173.26
170.66
168.06
165.47
162.87
160.28
157.68
155.09
152.5
149.9
147.31
144.72
142.13
139.54
136.95
134.36
131.77
129.19
126.6
124.01
121.43
118.84
116.26
113.68
111.09
108.51
105.93
103.35
100.77
98.185
95.605
93.026
90.448
87.87
85.293
82.717
80.141
77.566
74.991
72.417
69.844
67.271
64.699
62.127
59.556
56.986
54.416
51.847
49.278
46.71
44.143
41.576
39.01
36.445
33.88
31.316
28.752
26.189
23.627
21.065
18.504
15.943
13.383
10.824
8.2655
5.7074
3.1499
0.59305
358.04
355.48
352.93
350.37
347.82
345.26
342.71
340.16
337.61
335.06
332.51
329.96
327.41
324.86
322.31
319.77
317.22
314.67
312.13
309.58
307.04
304.5
301.95
299.41
296.87
294.33
291.79
289.25
286.71
284.17
281.63
279.1
276.56
274.02
271.49
268.95
266.42
263.89
261.35
258.82
256.29
253.76
251.23
248.7
246.17
243.64
241.11
238.58
236.06
233.53
231.01
228.48
225.96
223.43
220.91
218.39
215.87
213.34
210.82
208.3
205.78
203.27
200.75
198.23
195.71
193.2
190.68
188.16
185.65
183.14
180.62
178.11
175.6
173.09
170.58
168.07
165.56
163.05
160.54
158.03
155.52
153.02
150.51
148.01
145.5
143
140.49
137.99
135.49
132.99
130.49
127.98
125.48
122.99
120.49
117.99
115.49
112.99
110.5
108
105.51
103.01
100.52
98.027
95.535
93.043
90.552
88.061
85.571
83.082
80.593
78.105
75.617
73.13
70.644
68.158
65.673
63.188
60.704
58.221
55.738
53.256
50.775
48.294
45.814
43.334
40.855
38.377
35.899
33.422
30.945
28.47
25.994
23.519
21.045
18.572
16.099
13.627
11.155
8.6842
6.2138
3.744
1.2748
358.81
356.34
353.87
351.4
348.94
346.47
344.01
341.54
339.08
336.62
334.15
331.69
329.23
326.77
324.31
321.85
319.39
316.93
314.48
312.02
309.56
307.11
304.65
302.2
299.74
297.29
294.84
292.39
289.94
287.48
285.03
282.58
280.14
277.69
275.24
272.79
270.35
267.9
265.46
263.01
260.57
258.12
255.68
253.24
250.8
248.36
245.91
243.48
241.04
238.6
236.16
233.72
231.29
228.85
226.41
223.98
221.55
219.11
216.68
214.25
211.81
209.38
206.95
204.52
202.09
199.66
197.24
194.81
192.38
189.96
187.53
185.11
182.68
180.26
177.83
175.41
172.99
170.57
168.15
165.73
163.31
160.89
158.47
156.05
153.64
151.22
148.8
146.39
143.97
141.56
139.15
136.73
134.32
131.91
129.5
127.09
124.68
122.27
119.86
117.45
115.05
112.64
110.23
107.83
105.42
103.02
100.62
98.212
95.81
93.408
91.007
88.607
86.207
83.807
81.409
79.011
76.613
74.216
71.82
69.425
67.03
64.635
62.241
59.848
57.456
55.064
52.673
50.282
47.892
45.502
43.113
40.725
38.338
35.951
33.564
31.178
28.793
26.409
24.025
21.641
19.259
16.876
14.495
12.114
9.7338
7.3542
4.9751
2.5967
0.21886
357.84
355.47
353.09
350.71
348.34
345.96
343.59
341.22
338.85
336.47
334.1
331.73
329.36
326.99
324.63
322.26
319.89
317.52
315.16
312.79
310.43
308.06
305.7
303.34
300.97
298.61
296.25
293.89
291.53
289.17
286.81
284.45
282.09
279.74
277.38
275.03
272.67
270.32
267.96
265.61
263.26
260.9
258.55
256.2
253.85
251.5
249.15
246.8
244.46
242.11
239.76
237.42
235.07
232.73
230.38
228.04
225.7
223.35
221.01
218.67
216.33
213.99
211.65
209.31
206.98
204.64
202.3
199.97
197.63
195.3
192.96
190.63
188.29
185.96
183.63
181.3
178.97
176.64
174.31
171.98
169.65
167.32
165
162.67
160.35
158.02
155.7
153.37
151.05
148.73
146.4
144.08
141.76
139.44
137.12
134.8
132.48
130.17
127.85
125.53
123.22
120.9
118.59
116.27
113.96
111.65
109.33
107.02
104.71
102.4
100.09
97.783
95.474
93.167
90.859
88.553
86.246
83.941
81.636
79.332
77.028
74.725
72.423
70.121
67.82
65.519
63.219
60.92
58.621
56.323
54.026
51.729
49.433
47.137
44.842
42.547
40.254
37.96
35.668
33.376
31.084
28.794
26.504
24.214
21.925
19.637
17.349
15.062
12.776
10.49
8.2045
5.9199
3.6359
1.3525
359.07
356.79
354.51
352.23
349.94
347.67
345.39
343.11
340.83
338.55
336.28
334
331.72
329.45
327.18
324.9
322.63
320.36
318.08
315.81
313.54
311.27
309
306.73
304.47
302.2
299.93
297.67
295.4
293.14
290.87
288.61
286.34
284.08
281.82
279.56
277.3
275.04
272.78
270.52
268.26
266
263.75
261.49
259.23
256.98
254.72
252.47
250.22
247.96
245.71
243.46
241.21
238.96
236.71
234.46
232.21
229.96
227.72
225.47
223.22
220.98
218.73
216.49
214.25
212
209.76
207.52
205.28
203.04
200.8
198.56
196.32
194.08
191.85
189.61
187.37
185.14
182.9
180.67
178.43
176.2
173.97
171.74
169.51
167.27
165.04
162.81
160.59
158.36
156.13
153.9
151.68
149.45
147.23
145
142.78
140.55
138.33
136.11
133.89
131.67
129.45
127.23
125.01
122.79
120.57
118.35
116.14
113.92
111.71
109.49
107.28
105.06
102.85
100.64
98.428
96.217
94.006
91.797
89.587
87.379
85.171
82.964
80.757
78.551
76.345
74.14
71.936
69.732
67.529
65.327
63.125
60.924
58.723
56.523
54.324
52.125
49.927
47.729
45.532
43.336
41.14
38.945
36.751
34.557
32.363
30.171
27.979
25.787
23.597
21.406
19.217
17.028
14.839
12.652
10.465
8.278
6.0921
3.9068
1.7222
359.54
357.35
355.17
352.99
350.81
348.63
346.45
344.27
342.09
339.91
337.73
335.55
333.38
331.2
329.03
326.85
324.68
322.5
320.33
318.16
315.99
313.81
311.64
309.47
307.3
305.14
302.97
300.8
298.63
296.47
294.3
292.14
289.97
287.81
285.64
283.48
281.32
279.16
277
274.84
272.68
270.52
268.36
266.2
264.05
261.89
259.73
257.58
255.42
253.27
251.12
248.96
246.81
244.66
242.51
240.36
238.21
236.06
233.91
231.76
229.62
227.47
225.32
223.18
221.03
218.89
216.75
214.6
212.46
210.32
208.18
206.04
203.9
201.76
199.62
197.48
195.34
193.21
191.07
188.93
186.8
184.67
182.53
180.4
178.27
176.13
174
171.87
169.74
167.61
165.48
163.36
161.23
159.1
156.97
154.85
152.72
150.6
148.47
146.35
144.23
142.11
139.98
137.86
135.74
133.62
131.5
129.39
127.27
125.15
123.03
120.92
118.8
116.69
114.57
112.46
110.35
108.24
106.12
104.01
101.9
99.792
97.683
95.574
93.466
91.359
89.252
87.146
85.04
82.935
80.831
78.727
76.624
74.522
72.42
70.318
68.218
66.118
64.018
61.919
59.821
57.723
55.626
53.53
51.434
49.339
47.245
45.151
43.057
40.965
38.873
36.781
34.69
32.6
30.51
28.421
26.333
24.245
22.158
20.071
17.985
15.9
13.815
11.731
9.6477
7.5648
5.4826
3.4009
1.3198
359.24
357.16
355.08
353
350.92
348.85
346.77
344.69
342.62
340.54
338.47
336.4
334.32
332.25
330.18
328.11
326.04
323.97
321.9
319.83
317.76
315.69
313.62
311.56
309.49
307.43
305.36
303.3
301.24
299.17
297.11
295.05
292.99
290.93
288.87
286.81
284.75
282.69
280.64
278.58
276.52
274.47
272.41
270.36
268.31
266.25
264.2
262.15
260.1
258.05
256
253.95
251.9
249.85
247.81
245.76
243.71
241.67
239.62
237.58
235.54
233.49
231.45
229.41
227.37
225.33
223.29
221.25
219.21
217.17
215.13
213.1
211.06
209.02
206.99
204.95
202.92
200.89
198.85
196.82
194.79
192.76
190.73
188.7
186.67
184.64
182.62
180.59
178.56
176.54
174.51
172.49
170.46
168.44
166.42
164.39
162.37
160.35
158.33
156.31
154.29
152.27
150.26
148.24
146.22
144.21
142.19
140.18
138.16
136.15
134.13
132.12
130.11
128.1
126.09
124.08
122.07
120.06
118.05
116.05
114.04
112.03
110.03
108.02
106.02
104.01
102.01
100.01
98.005
96.004
94.003
92.003
90.004
88.005
86.006
84.009
82.012
80.015
78.019
76.024
74.03
72.036
70.042
68.05
66.057
64.066
62.075
60.085
58.095
56.106
54.117
52.13
50.142
48.156
46.17
44.184
42.2
40.215
38.232
36.249
34.266
32.285
30.304
28.323
26.343
24.364
22.385
20.407
18.43
16.453
14.477
12.501
10.526
8.5519
6.5782
4.6051
2.6325
0.66062
358.69
356.72
354.75
352.78
350.81
348.84
346.87
344.91
342.94
340.98
339.01
337.05
335.08
333.12
331.16
329.19
327.23
325.27
323.31
321.35
319.39
317.43
315.48
313.52
311.56
309.61
307.65
305.7
303.74
301.79
299.84
297.88
295.93
293.98
292.03
290.08
288.13
286.18
284.23
282.29
280.34
278.39
276.45
274.5
272.56
270.62
268.67
266.73
264.79
262.85
260.91
258.97
257.03
255.09
253.15
251.21
249.28
247.34
245.4
243.47
241.53
239.6
237.67
235.73
233.8
231.87
229.94
228.01
226.08
224.15
222.22
220.29
218.37
216.44
214.51
212.59
210.66
208.74
206.82
204.89
202.97
201.05
199.13
197.21
195.29
193.37
191.45
189.53
187.62
185.7
183.78
181.87
179.95
178.04
176.13
174.21
172.3
170.39
168.48
166.57
164.66
162.75
160.84
158.93
157.02
155.12
153.21
151.3
149.4
147.49
145.59
143.69
141.78
139.88
137.98
136.08
134.18
132.28
130.38
128.48
126.59
124.69
122.79
120.9
119
117.11
115.21
113.32
111.43
109.53
107.64
105.75
103.86
101.97
100.08
98.193
96.305
94.418
92.531
90.645
88.759
86.875
84.99
83.107
81.224
79.341
77.46
75.578
73.698
71.818
69.939
68.06
66.182
64.304
62.427
60.551
58.676
56.801
54.926
53.052
51.179
49.307
47.435
45.563
43.692
41.822
39.953
38.084
36.216
34.348
32.481
30.614
28.749
26.883
25.019
23.155
21.291
19.429
17.566
15.705
13.844
11.984
10.124
8.2649
6.4064
4.5486
2.6913
0.83467
358.98
357.12
355.27
353.41
351.56
349.71
347.86
346
344.15
342.3
340.45
338.6
336.75
334.91
333.06
331.21
329.37
327.52
325.68
323.83
321.99
320.14
318.3
316.46
314.62
312.78
310.94
309.1
307.26
305.42
303.58
301.75
299.91
298.07
296.24
294.4
292.57
290.74
288.9
287.07
285.24
283.41
281.58
279.75
277.92
276.09
274.26
272.44
270.61
268.78
266.96
265.13
263.31
261.49
259.66
257.84
256.02
254.2
252.38
250.56
248.74
246.92
245.1
243.29
241.47
239.65
237.84
236.02
234.21
232.39
230.58
228.77
226.96
225.14
223.33
221.52
219.71
217.91
216.1
214.29
212.48
210.68
208.87
207.07
205.26
203.46
201.65
199.85
198.05
196.25
194.45
192.65
190.85
189.05
187.25
185.45
183.66
181.86
180.06
178.27
176.47
174.68
172.89
171.09
169.3
167.51
165.72
163.93
162.14
160.35
158.56
156.77
154.98
153.2
151.41
149.63
147.84
146.06
144.27
142.49
140.71
138.93
137.14
135.36
133.58
131.8
130.03
128.25
126.47
124.69
122.92
121.14
119.37
117.59
115.82
114.04
112.27
110.5
108.73
106.96
105.19
103.42
101.65
99.88
98.112
96.345
94.579
92.813
91.048
89.283
87.519
85.756
83.993
82.23
80.469
78.708
76.948
75.188
73.429
71.67
69.912
68.155
66.398
64.642
62.887
61.132
59.378
57.624
55.871
54.118
52.367
50.616
48.865
47.115
45.366
43.617
41.869
40.121
38.374
36.628
34.883
33.138
31.393
29.649
27.906
26.163
24.421
22.68
20.939
19.199
17.46
15.721
13.983
12.245
10.508
8.7713
7.0354
5.3002
3.5656
1.8316
0.09819
358.37
356.63
354.9
353.17
351.44
349.71
347.98
346.25
344.53
342.8
341.07
339.35
337.62
335.9
334.17
332.45
330.72
329
327.28
325.56
323.84
322.12
320.4
318.68
316.96
315.25
313.53
311.81
310.1
308.38
306.67
304.95
303.24
301.53
299.82
298.1
296.39
294.68
292.97
291.27
289.56
287.85
286.14
284.44
282.73
281.02
279.32
277.62
275.91
274.21
272.51
270.81
269.11
267.41
265.71
264.01
262.31
260.61
258.91
257.22
255.52
253.83
252.13
250.44
248.74
247.05
245.36
243.67
241.97
240.28
238.59
236.91
235.22
233.53
231.84
230.15
228.47
226.78
225.1
223.41
221.73
220.05
218.36
216.68
215
213.32
211.64
209.96
208.28
206.6
204.93
203.25
201.57
199.9
198.22
196.55
194.87
193.2
191.53
189.86
188.18
186.51
184.84
183.17
181.5
179.84
178.17
176.5
174.83
173.17
171.5
169.84
168.17
166.51
164.85
163.19
161.52
159.86
158.2
156.54
154.88
153.22
151.57
149.91
148.25
146.6
144.94
143.29
141.63
139.98
138.33
136.67
135.02
133.37
131.72
130.07
128.42
126.77
125.12
123.47
121.83
120.18
118.54
116.89
115.25
113.6
111.96
110.32
108.67
107.03
105.39
103.75
102.11
100.47
98.835
97.198
95.56
93.924
92.288
90.653
89.018
87.384
85.751
84.118
82.485
80.854
79.223
77.592
75.963
74.334
72.705
71.077
69.45
67.823
66.197
64.572
62.947
61.322
59.699
58.076
56.453
54.832
53.21
51.59
49.97
48.35
46.732
45.114
43.496
41.879
40.263
38.647
37.032
35.418
33.804
32.191
30.578
28.966
27.355
25.744
24.134
22.524
20.915
19.307
17.699
16.092
14.486
12.88
11.275
9.6701
8.0661
6.4627
4.8599
3.2577
1.6561
0.055188
358.45
356.86
355.26
353.66
352.06
350.46
348.87
347.27
345.67
344.08
342.49
340.89
339.3
337.71
336.11
334.52
332.93
331.34
329.75
328.16
326.58
324.99
323.4
321.82
320.23
318.65
317.06
315.48
313.89
312.31
310.73
309.15
307.57
305.99
304.41
302.83
301.25
299.67
298.1
296.52
294.94
293.37
291.79
290.22
288.65
287.07
285.5
283.93
282.36
280.79
279.22
277.65
276.08
274.51
272.95
271.38
269.81
268.25
266.68
265.12
263.56
261.99
260.43
258.87
257.31
255.75
254.19
252.63
251.07
249.51
247.95
246.4
244.84
243.29
241.73
240.18
238.62
237.07
235.52
233.97
232.41
230.86
229.31
227.76
226.22
224.67
223.12
221.57
220.03
218.48
216.94
215.39
213.85
212.3
210.76
209.22
207.68
206.14
204.6
203.06
201.52
199.98
198.44
196.9
195.37
193.83
192.3
190.76
189.23
187.69
186.16
184.63
183.1
181.57
180.04
178.51
176.98
175.45
173.92
172.39
170.87
169.34
167.81
166.29
164.76
163.24
161.72
160.2
158.67
157.15
155.63
154.11
152.59
151.07
149.56
148.04
146.52
145
143.49
141.97
140.46
138.95
137.43
135.92
134.41
132.9
131.39
129.88
128.37
126.86
125.35
123.84
122.33
120.83
119.32
117.82
116.31
114.81
113.3
111.8
110.3
108.8
107.3
105.8
104.3
102.8
101.3
99.8
98.302
96.806
95.31
93.814
92.319
90.825
89.331
87.838
86.346
84.854
83.363
81.872
80.382
78.893
77.404
75.916
74.429
72.942
71.455
69.97
68.485
67
65.516
64.033
62.55
61.068
59.587
58.106
56.626
55.147
53.668
52.189
50.712
49.235
47.758
46.282
44.807
43.332
41.858
40.385
38.912
37.44
35.968
34.497
33.027
31.557
30.088
28.62
27.152
25.684
24.218
22.752
21.286
19.821
18.357
16.894
15.431
13.968
12.506
11.045
9.5848
8.1249
6.6655
5.2068
3.7488
2.2913
0.83443
359.38
357.92
356.47
355.01
353.56
352.11
350.65
349.2
347.75
346.3
344.85
343.4
341.95
340.5
339.06
337.61
336.16
334.72
333.27
331.83
330.38
328.94
327.5
326.05
324.61
323.17
321.73
320.29
318.85
317.41
315.98
314.54
313.1
311.67
310.23
308.8
307.36
305.93
304.5
303.06
301.63
300.2
298.77
297.34
295.91
294.48
293.05
291.63
290.2
288.77
287.35
285.92
284.5
283.07
281.65
280.23
278.81
277.39
275.96
274.54
273.13
271.71
270.29
268.87
267.45
266.04
264.62
263.21
261.79
260.38
258.96
257.55
256.14
254.73
253.32
251.91
250.5
249.09
247.68
246.27
244.87
243.46
242.05
240.65
239.24
237.84
236.43
235.03
233.63
232.23
230.83
229.43
228.03
226.63
225.23
223.83
222.43
221.04
219.64
218.24
216.85
215.46
214.06
212.67
211.28
209.88
208.49
207.1
205.71
204.32
202.93
201.55
200.16
198.77
197.39
196
194.61
193.23
191.85
190.46
189.08
187.7
186.32
184.94
183.56
182.18
180.8
179.42
178.04
176.66
175.29
173.91
172.54
171.16
169.79
168.41
167.04
165.67
164.3
162.93
161.56
160.19
158.82
157.45
156.08
154.71
153.35
151.98
150.61
149.25
147.89
146.52
145.16
143.8
142.43
141.07
139.71
138.35
136.99
135.63
134.28
132.92
131.56
130.21
128.85
127.49
126.14
124.79
123.43
122.08
120.73
119.38
118.03
116.68
115.33
113.98
112.63
111.28
109.93
108.59
107.24
105.9
104.55
103.21
101.86
100.52
99.18
97.838
96.497
95.157
93.817
92.478
91.139
89.802
88.464
87.128
85.791
84.456
83.121
81.787
80.453
79.12
77.788
76.456
75.125
73.794
72.465
71.135
69.806
68.478
67.151
65.824
64.498
63.172
61.847
60.523
59.199
57.876
56.553
55.231
53.91
52.589
51.269
49.949
48.631
47.312
45.995
44.677
43.361
42.045
40.73
39.415
38.101
36.788
35.475
34.163
32.852
31.541
30.23
28.921
27.612
26.303
24.995
23.688
22.381
21.075
19.77
18.465
17.161
15.857
14.554
13.252
11.95
10.649
9.3486
8.0487
6.7495
5.4508
4.1527
2.8553
1.5585
0.26227
358.97
357.67
356.38
355.08
353.79
352.5
351.21
349.91
348.62
347.33
346.04
344.76
343.47
342.18
340.89
339.61
338.32
337.04
335.75
334.47
333.18
331.9
330.62
329.34
328.06
326.78
325.5
324.22
322.94
321.66
320.38
319.11
317.83
316.56
315.28
314.01
312.73
311.46
310.19
308.92
307.65
306.38
305.11
303.84
302.57
301.3
300.03
298.77
297.5
296.23
294.97
293.7
292.44
291.18
289.91
288.65
287.39
286.13
284.87
283.61
282.35
281.09
279.84
278.58
277.32
276.07
274.81
273.56
272.3
271.05
269.8
268.55
267.29
266.04
264.79
263.54
262.3
261.05
259.8
258.55
257.31
256.06
254.81
253.57
252.33
251.08
249.84
248.6
247.36
246.11
244.87
243.63
242.39
241.16
239.92
238.68
237.44
236.21
234.97
233.74
232.5
231.27
230.04
228.8
227.57
226.34
225.11
223.88
222.65
221.42
220.19
218.97
217.74
216.51
215.29
214.06
212.84
211.61
210.39
209.17
207.95
206.72
205.5
204.28
203.06
201.85
200.63
199.41
198.19
196.98
195.76
194.54
193.33
192.12
190.9
189.69
188.48
187.27
186.05
184.84
183.63
182.43
181.22
180.01
178.8
177.6
176.39
175.18
173.98
172.77
171.57
170.37
169.17
167.96
166.76
165.56
164.36
163.16
161.96
160.77
159.57
158.37
157.18
155.98
154.78
153.59
152.4
151.2
150.01
148.82
147.63
146.44
145.25
144.06
142.87
141.68
140.49
139.3
138.12
136.93
135.75
134.56
133.38
132.2
131.01
129.83
128.65
127.47
126.29
125.11
123.93
122.75
121.57
120.39
119.22
118.04
116.87
115.69
114.52
113.34
112.17
111
109.83
108.66
107.49
106.32
105.15
103.98
102.81
101.64
100.48
99.309
98.143
96.978
95.814
94.65
93.487
92.325
91.163
90.001
88.841
87.681
86.521
85.362
84.204
83.046
81.889
80.733
79.577
78.422
77.267
76.113
74.96
73.807
72.655
71.504
70.353
69.202
68.053
66.904
65.755
64.607
63.46
62.314
61.168
60.022
58.877
57.733
56.59
55.447
54.305
53.163
52.022
50.881
49.741
48.602
47.464
46.326
45.188
44.051
42.915
41.78
40.645
39.51
38.377
37.243
36.111
34.979
33.848
32.717
31.587
30.458
29.329
28.201
27.073
25.946
24.82
23.694
22.569
21.444
20.32
19.197
18.074
16.952
15.831
14.71
13.59
12.47
11.351
10.233
9.1149
7.9978
6.8812
5.7653
4.6499
3.5352
2.4211
1.3076
0.19474
359.08
357.97
356.86
355.75
354.64
353.53
352.42
351.31
350.21
349.1
347.99
346.89
345.78
344.68
343.58
342.47
341.37
340.27
339.17
338.07
336.97
335.87
334.77
333.67
332.57
331.48
330.38
329.28
328.19
327.09
326
324.91
323.81
322.72
321.63
320.54
319.45
318.36
317.27
316.18
315.09
314.01
312.92
311.84
310.75
309.67
308.58
307.5
306.41
305.33
304.25
303.17
302.09
301.01
299.93
298.85
297.77
296.7
295.62
294.54
293.47
292.39
291.32
290.25
289.17
288.1
287.03
285.96
284.89
283.82
282.75
281.68
280.61
279.54
278.48
277.41
276.34
275.28
274.21
273.15
272.09
271.03
269.96
268.9
267.84
266.78
265.72
264.66
263.6
262.55
261.49
260.43
259.38
258.32
257.27
256.21
255.16
254.11
253.05
252
250.95
249.9
248.85
247.8
246.75
245.71
244.66
243.61
242.57
241.52
240.48
239.43
238.39
237.35
236.3
235.26
234.22
233.18
232.14
231.1
230.06
229.02
227.99
226.95
225.91
224.88
223.84
222.81
221.77
220.74
219.71
218.68
217.65
216.61
215.58
214.56
213.53
212.5
211.47
210.44
209.42
208.39
207.37
206.34
205.32
204.29
203.27
202.25
201.23
200.21
199.19
198.17
197.15
196.13
195.11
194.09
193.08
192.06
191.05
190.03
189.02
188
186.99
185.98
184.97
183.96
182.95
181.94
180.93
179.92
178.91
177.9
176.9
175.89
174.88
173.88
172.87
171.87
170.87
169.86
168.86
167.86
166.86
165.86
164.86
163.86
162.86
161.87
160.87
159.87
158.88
157.88
156.89
155.89
154.9
153.91
152.92
151.92
150.93
149.94
148.95
147.96
146.98
145.99
145
144.01
143.03
142.04
141.06
140.07
139.09
138.11
137.13
136.14
135.16
134.18
133.2
132.22
131.25
130.27
129.29
128.31
127.34
126.36
125.39
124.41
123.44
122.47
121.49
120.52
119.55
118.58
117.61
116.64
115.67
114.7
113.74
112.77
111.8
110.84
109.87
108.91
107.94
106.98
106.02
105.05
104.09
103.13
102.17
101.21
100.25
99.295
98.338
97.381
96.424
95.468
94.513
93.558
92.604
91.651
90.698
89.746
88.794
87.843
86.893
85.943
84.994
84.045
83.097
82.15
81.203
80.257
79.311
78.367
77.422
76.479
75.536
74.593
73.651
72.71
71.77
70.83
69.89
68.952
68.013
67.076
66.139
65.203
64.267
63.332
62.398
61.464
60.53
59.598
58.666
57.734
56.804
55.874
54.944
54.015
53.087
52.159
51.232
50.305
49.38
48.454
47.53
46.606
45.682
44.759
43.837
42.916
41.995
41.074
40.155
39.236
38.317
37.399
36.482
35.565
34.649
33.734
32.819
31.905
30.991
30.078
29.166
28.254
27.343
26.432
25.522
24.613
23.704
22.796
21.889
20.982
20.076
19.17
18.265
17.361
16.457
15.554
14.651
13.749
12.848
11.947
11.047
10.147
9.2485
8.3503
7.4526
6.5555
5.6591
4.7633
3.8681
2.9735
2.0795
1.1861
0.29338
359.4
358.51
357.62
356.73
355.84
354.95
354.06
353.17
352.29
351.4
350.51
349.63
348.74
347.86
346.98
346.09
345.21
344.33
343.45
342.57
341.69
340.81
339.93
339.05
338.17
337.3
336.42
335.55
334.67
333.8
332.92
332.05
331.18
330.3
329.43
328.56
327.69
326.82
325.95
325.09
324.22
323.35
322.48
321.62
320.75
319.89
319.03
318.16
317.3
316.44
315.58
314.72
313.85
313
312.14
311.28
310.42
309.56
308.71
307.85
306.99
306.14
305.29
304.43
303.58
302.73
301.88
301.02
300.17
299.32
298.47
297.63
296.78
295.93
295.08
294.24
293.39
292.55
291.7
290.86
290.02
289.17
288.33
287.49
286.65
285.81
284.97
284.13
283.29
282.46
281.62
280.78
279.95
279.11
278.28
277.44
276.61
275.78
274.95
274.11
273.28
272.45
271.62
270.79
269.97
269.14
268.31
267.48
266.66
265.83
265.01
264.18
263.36
262.54
261.72
260.89
260.07
259.25
258.43
257.61
256.8
255.98
255.16
254.34
253.53
252.71
251.9
251.08
250.27
249.46
248.64
247.83
247.02
246.21
245.4
244.59
243.78
242.97
242.17
241.36
240.55
239.75
238.94
238.14
237.33
236.53
235.73
234.93
234.12
233.32
232.52
231.72
230.93
230.13
229.33
228.53
227.74
226.94
226.14
225.35
224.56
223.76
222.97
222.18
221.39
220.59
219.8
219.01
218.23
217.44
216.65
215.86
215.08
214.29
213.5
212.72
211.93
211.15
210.37
209.59
208.8
208.02
207.24
206.46
205.68
204.9
204.13
203.35
202.57
201.8
201.02
200.24
199.47
198.7
197.92
197.15
196.38
195.61
194.84
194.07
193.3
192.53
191.76
190.99
190.23
189.46
188.69
187.93
187.16
186.4
185.64
184.87
184.11
183.35
182.59
181.83
181.07
180.31
179.55
178.79
178.04
177.28
176.52
175.77
175.01
174.26
173.51
172.75
172
171.25
170.5
169.75
169
168.25
167.5
166.75
166
165.26
164.51
163.76
163.02
162.28
161.53
160.79
160.05
159.3
158.56
157.82
157.08
156.34
155.6
154.87
154.13
153.39
152.65
151.92
151.18
150.45
149.71
148.98
148.25
147.52
146.78
146.05
145.32
144.59
143.87
143.14
142.41
141.68
140.96
140.23
139.5
138.78
138.05
137.33
136.61
135.89
135.16
134.44
133.72
133
132.28
131.57
130.85
130.13
129.41
128.7
127.98
127.27
126.55
125.84
125.13
124.41
123.7
122.99
122.28
121.57
120.86
120.15
119.44
118.73
118.03
117.32
116.62
115.91
115.21
114.5
113.8
113.1
112.39
111.69
110.99
110.29
109.59
108.89
108.19
107.5
106.8
106.1
105.41
104.71
104.02
103.32
102.63
101.94
101.24
100.55
99.862
99.172
98.482
97.793
97.104
96.416
95.729
95.042
94.356
93.67
92.985
92.301
91.617
90.934
90.252
89.57
88.889
88.208
87.528
86.849
86.17
85.492
84.814
84.138
83.461
82.786
82.11
81.436
80.762
80.089
79.416
78.744
78.073
77.402
76.732
76.062
75.393
74.725
74.057
73.39
72.724
72.058
71.392
70.728
70.064
69.4
68.737
68.075
67.414
66.753
66.092
65.433
64.773
64.115
63.457
62.8
62.143
61.487
60.831
60.177
59.522
58.869
58.216
57.563
56.912
56.26
55.61
54.96
54.311
53.662
53.014
52.366
51.719
51.073
50.427
49.782
49.138
48.494
47.851
47.208
46.566
45.925
45.284
44.644
44.005
43.366
42.727
42.09
41.453
40.816
40.18
39.545
38.911
38.276
37.643
37.01
36.378
35.747
35.116
34.485
33.856
33.227
32.598
31.97
31.343
30.716
30.09
29.465
28.84
28.216
27.592
26.969
26.347
25.725
25.104
24.484
23.864
23.244
22.626
22.008
21.39
20.773
20.157
19.542
18.927
18.312
17.698
17.085
16.473
15.861
15.249
14.639
14.029
13.419
12.81
12.202
11.594
10.987
10.381
9.7751
9.17
8.5654
7.9614
7.3581
6.7554
6.1532
5.5517
4.9508
4.3506
3.7509
3.1518
2.5534
1.9556
1.3584
0.76175
0.16576
359.57
358.98
358.38
357.79
357.2
356.6
356.01
355.42
354.83
354.24
353.65
353.06
352.47
351.89
351.3
350.71
350.13
349.54
348.96
348.37
347.79
347.21
346.63
346.05
345.47
344.89
344.31
343.73
343.15
342.57
341.99
341.42
340.84
340.27
339.69
339.12
338.55
337.97
337.4
336.83
336.26
335.69
335.12
334.55
333.98
333.41
332.85
332.28
331.71
331.15
330.58
330.02
329.46
328.89
328.33
327.77
327.21
326.65
326.09
325.53
324.97
324.41
323.85
323.3
322.74
322.19
321.63
321.08
320.52
319.97
319.42
318.87
318.31
317.76
317.21
316.66
316.12
315.57
315.02
314.47
313.93
313.38
312.84
312.29
311.75
311.2
310.66
310.12
309.58
309.04
308.5
307.96
307.42
306.88
306.34
305.81
305.27
304.73
304.2
303.66
303.13
302.6
302.06
301.53
301
300.47
299.94
299.41
298.88
298.35
297.82
297.3
296.77
296.24
295.72
295.19
294.67
294.14
293.62
293.1
292.58
292.06
291.54
291.02
290.5
289.98
289.46
288.94
288.42
287.91
287.39
286.88
286.36
285.85
285.34
284.82
284.31
283.8
283.29
282.78
282.27
281.76
281.25
280.74
280.24
279.73
279.23
278.72
278.22
277.71
277.21
276.71
276.2
275.7
275.2
274.7
274.2
273.7
273.2
272.71
272.21
271.71
271.22
270.72
270.22
269.73
269.24
268.74
268.25
267.76
267.27
266.78
266.29
265.8
265.31
264.82
264.33
263.85
263.36
262.88
262.39
261.91
261.42
260.94
260.46
259.98
259.49
259.01
258.53
258.05
257.57
257.1
256.62
256.14
255.67
255.19
254.71
254.24
253.77
253.29
252.82
252.35
251.88
251.41
250.94
250.47
250
249.53
249.06
248.59
248.13
247.66
247.19
246.73
246.27
245.8
245.34
244.88
244.42
243.95
243.49
243.03
242.57
242.12
241.66
241.2
240.74
240.29
239.83
239.38
238.92
238.47
238.02
237.56
237.11
236.66
236.21
235.76
235.31
234.86
234.41
233.97
233.52
233.07
232.63
232.18
231.74
231.29
230.85
230.41
229.96
229.52
229.08
228.64
228.2
227.76
227.32
226.89
226.45
226.01
225.58
225.14
224.71
224.27
223.84
223.41
222.97
222.54
222.11
221.68
221.25
220.82
220.39
219.97
219.54
219.11
218.69
218.26
217.83
217.41
216.99
216.56
216.14
215.72
215.3
214.88
214.46
214.04
213.62
213.2
212.78
212.37
211.95
211.53
211.12
210.71
210.29
209.88
209.47
209.05
208.64
208.23
207.82
207.41
207
206.59
206.19
205.78
205.37
204.97
204.56
204.16
203.75
203.35
202.95
202.54
202.14
201.74
201.34
200.94
200.54
200.14
199.75
199.35
198.95
198.56
198.16
197.77
197.37
196.98
196.58
196.19
195.8
195.41
195.02
194.63
194.24
193.85
193.46
193.07
192.69
192.3
191.92
191.53
191.15
190.76
190.38
190
189.61
189.23
188.85
188.47
188.09
187.71
187.34
186.96
186.58
186.2
185.83
185.45
185.08
184.7
184.33
183.96
183.59
183.21
182.84
182.47
182.1
181.73
181.37
181
180.63
180.26
179.9
179.53
179.17
178.8
178.44
178.08
177.71
177.35
176.99
176.63
176.27
175.91
175.55
175.19
174.84
174.48
174.12
173.77
173.41
173.06
172.71
172.35
172
171.65
171.3
170.95
170.6
170.25
169.9
169.55
169.2
168.85
168.51
168.16
167.82
167.47
167.13
166.78
166.44
166.1
165.76
165.42
165.08
164.74
164.4
164.06
163.72
163.38
163.05
162.71
162.38
162.04
161.71
161.37
161.04
160.71
160.38
160.05
159.72
159.39
159.06
158.73
158.4
158.07
157.75
157.42
157.09
156.77
156.44
156.12
155.8
155.48
155.15
154.83
154.51
154.19
153.87
153.55
153.23
152.92
152.6
152.28
151.97
151.65
151.34
151.02
150.71
150.4
150.09
149.77
149.46
149.15
148.84
148.53
148.23
147.92
147.61
147.3
147
146.69
146.39
146.08
145.78
145.48
145.18
144.87
144.57
144.27
143.97
143.67
143.38
143.08
142.78
142.48
142.19
141.89
141.6
141.3
141.01
140.72
140.42
140.13
139.84
139.55
139.26
138.97
138.68
138.39
138.11
137.82
137.53
137.25
136.96
136.68
136.39
136.11
135.83
135.54
135.26
134.98
134.7
134.42
134.14
133.87
133.59
133.31
133.03
132.76
132.48
132.21
131.93
131.66
131.39
131.12
130.84
130.57
130.3
130.03
129.76
129.49
129.23
128.96
128.69
128.43
128.16
127.9
127.63
127.37
127.11
126.84
126.58
126.32
126.06
125.8
125.54
125.28
125.02
124.77
124.51
124.25
124
123.74
123.49
123.23
122.98
122.73
122.48
122.22
121.97
121.72
121.47
121.22
120.98
120.73
120.48
120.23
119.99
119.74
119.5
119.25
119.01
118.77
118.53
118.28
118.04
117.8
117.56
117.32
117.09
116.85
116.61
116.37
116.14
115.9
115.67
115.43
115.2
114.97
114.73
114.5
114.27
114.04
113.81
113.58
113.35
113.13
112.9
112.67
112.44
112.22
111.99
111.77
111.55
111.32
111.1
110.88
110.66
110.44
110.22
110
109.78
109.56
109.34
109.12
108.91
108.69
108.48
108.26
108.05
107.83
107.62
107.41
107.2
106.99
106.78
106.57
106.36
106.15
105.94
105.73
105.53
105.32
105.12
104.91
104.71
104.5
104.3
104.1
103.9
103.7
103.5
103.3
103.1
102.9
102.7
102.5
102.31
102.11
101.91
101.72
101.52
101.33
101.14
100.94
100.75
100.56
100.37
100.18
99.991
99.802
99.614
99.427
99.239
99.053
98.867
98.682
98.498
98.314
98.13
97.948
97.765
97.584
97.403
97.223
97.043
96.864
96.686
96.508
96.331
96.154
95.978
95.803
95.628
95.454
95.28
95.107
94.935
94.763
94.592
94.422
94.252
94.083
93.914
93.746
93.579
93.412
93.246
93.08
92.915
92.751
92.587
92.424
92.262
92.1
91.939
91.778
91.618
91.459
91.3
91.142
90.984
90.827
90.671
90.515
90.36
90.205
90.051
89.898
89.745
89.593
89.442
89.291
89.141
88.991
88.842
88.694
88.546
88.399
88.252
88.106
87.961
87.816
87.672
87.529
87.386
87.244
87.102
86.961
86.821
86.681
86.542
86.403
86.265
86.128
85.991
85.855
85.719
85.585
85.45
85.317
85.183
85.051
84.919
84.788
84.657
84.527
84.398
84.269
84.141
84.014
83.887
83.76
83.635
83.51
83.385
83.261
83.138
83.015
82.893
82.772
82.651
82.531
82.411
82.292
82.174
82.056
81.939
81.823
81.707
81.592
81.477
81.363
81.249
81.137
81.024
80.913
80.802
80.692
80.582
80.473
80.364
80.256
80.149
80.042
79.936
79.831
79.726
79.622
79.518
79.415
79.313
79.211
79.11
79.009
78.909
78.81
78.711
78.613
78.515
78.419
78.322
78.227
78.132
78.037
77.943
77.85
77.758
77.666
77.574
77.483
77.393
77.304
77.215
77.127
77.039
76.952
76.865
76.78
76.694
76.61
76.526
76.442
76.36
76.277
76.196
76.115
76.035
75.955
75.876
75.797
75.719
75.642
75.566
75.489
75.414
75.339
75.265
75.192
75.119
75.046
74.974
74.903
74.833
74.763
74.694
74.625
74.557
74.489
74.423
74.356
74.291
74.226
74.161
74.098
74.034
73.972
73.91
73.849
73.788
73.728
73.668
73.61
73.551
73.494
73.437
73.38
73.324
73.269
73.215
73.161
73.107
73.055
73.003
72.951
72.9
72.85
72.8
72.751
72.703
72.655
72.608
72.561
72.515
72.47
72.425
72.381
72.337
72.294
72.252
72.21
72.169
72.129
72.089
72.05
72.011
71.973
71.936
71.899
71.863
71.827
71.792
71.758
71.724
71.691
71.658
71.627
71.595
71.565
71.535
71.505
71.476
71.448
71.421
71.394
71.367
71.341
71.316
71.292
71.268
71.245
71.222
71.2
71.178
71.158
71.137
71.118
71.099
71.08
71.063
71.045
71.029
71.013
70.998
70.983
70.969
70.955
70.942
70.93
70.918
70.907
70.897
70.887
70.878
70.869
70.861
70.854
70.847
70.841
70.836
70.831
70.826
70.823
70.82
70.817
70.815
70.814
70.814
70.814
70.814
70.815
70.817
70.82
70.823
70.826
70.831
70.836
70.841
70.847
70.854
70.861
70.869
70.878
70.887
70.897
70.907
70.918
70.93
70.942
70.955
70.969
70.983
70.998
71.013
71.029
71.045
71.063
71.08
71.099
71.118
71.137
71.158
71.178
71.2
71.222
71.245
71.268
71.292
71.316
71.341
71.367
71.394
71.421
71.448
71.476
71.505
71.535
71.565
71.595
71.627
71.658
71.691
71.724
71.758
71.792
71.827
71.863
71.899
71.936
71.973
72.011
72.05
72.089
72.129
72.169
72.21
72.252
72.294
72.337
72.381
72.425
72.47
72.515
72.561
72.608
72.655
72.703
72.751
72.8
72.85
72.9
72.951
73.003
73.055
73.107
73.161
73.215
73.269
73.324
73.38
73.437
73.494
73.551
73.61
73.668
73.728
73.788
73.849
73.91
73.972
74.034
74.098
74.161
74.226
74.291
74.356
74.423
74.489
74.557
74.625
74.694
74.763
74.833
74.903
74.974
75.046
75.119
75.192
75.265
75.339
75.414
75.489
75.566
75.642
75.719
75.797
75.876
75.955
76.035
76.115
76.196
76.277
76.36
76.442
76.526
76.61
76.694
76.78
76.865
76.952
77.039
77.127
77.215
77.304
77.393
77.483
77.574
77.666
77.758
77.85
77.943
78.037
78.132
78.227
78.322
78.419
78.515
78.613
78.711
78.81
78.909
79.009
79.11
79.211
79.313
79.415
79.518
79.622
79.726
79.831
79.936
80.042
80.149
80.256
80.364
80.473
80.582
80.692
80.802
80.913
81.024
81.137
81.249
81.363
81.477
81.592
81.707
81.823
81.939
82.056
82.174
82.292
82.411
82.531
82.651
82.772
82.893
83.015
83.138
83.261
83.385
83.51
83.635
83.76
83.887
84.014
84.141
84.269
84.398
84.527
84.657
84.788
84.919
85.051
85.183
85.317
85.45
85.585
85.719
85.855
85.991
86.128
86.265
86.403
86.542
86.681
86.821
86.961
87.102
87.244
87.386
87.529
87.672
87.816
87.961
88.106
88.252
88.399
88.546
88.694
88.842
88.991
89.141
89.291
89.442
89.593
89.745
89.898
90.051
90.205
90.36
90.515
90.671
90.827
90.984
91.142
91.3
91.459
91.618
91.778
91.939
92.1
92.262
92.424
92.587
92.751
92.915
93.08
93.246
93.412
93.579
93.746
93.914
94.083
94.252
94.422
94.592
94.763
94.935
95.107
95.28
95.454
95.628
95.803
95.978
96.154
96.331
96.508
96.686
96.864
97.043
97.223
97.403
97.584
97.765
97.948
98.13
98.314
98.498
98.682
98.867
99.053
99.239
99.427
99.614
99.802
99.991
100.18
100.37
100.56
100.75
100.94
101.14
101.33
101.52
101.72
101.91
102.11
102.31
102.5
102.7
102.9
103.1
103.3
103.5
103.7
103.9
104.1
104.3
104.5
104.71
104.91
105.12
105.32
105.53
105.73
105.94
106.15
106.36
106.57
106.78
106.99
107.2
107.41
107.62
107.83
108.05
108.26
108.48
108.69
108.91
109.12
109.34
109.56
109.78
110
110.22
110.44
110.66
110.88
111.1
111.32
111.55
111.77
111.99
112.22
112.44
112.67
112.9
113.13
113.35
113.58
113.81
114.04
114.27
114.5
114.73
114.97
115.2
115.43
115.67
115.9
116.14
116.37
116.61
116.85
117.09
117.32
117.56
117.8
118.04
118.28
118.53
118.77
119.01
119.25
119.5
119.74
119.99
120.23
120.48
120.73
120.98
121.22
121.47
121.72
121.97
122.22
122.48
122.73
122.98
123.23
123.49
123.74
124
124.25
124.51
124.77
125.02
125.28
125.54
125.8
126.06
126.32
126.58
126.84
127.11
127.37
127.63
127.9
128.16
128.43
128.69
128.96
129.23
129.49
129.76
130.03
130.3
130.57
130.84
131.12
131.39
131.66
131.93
132.21
132.48
132.76
133.03
133.31
133.59
133.87
134.14
134.42
134.7
134.98
135.26
135.54
135.83
136.11
136.39
136.68
136.96
137.25
137.53
137.82
138.11
138.39
138.68
138.97
139.26
139.55
139.84
140.13
140.42
140.72
141.01
141.3
141.6
141.89
142.19
142.48
142.78
143.08
143.38
143.67
143.97
144.27
144.57
144.87
145.18
145.48
145.78
146.08
146.39
146.69
147
147.3
147.61
147.92
148.23
148.53
148.84
149.15
149.46
149.77
150.09
150.4
150.71
151.02
151.34
151.65
151.97
152.28
152.6
152.92
153.23
153.55
153.87
154.19
154.51
154.83
155.15
155.48
155.8
156.12
156.44
156.77
157.09
157.42
157.75
158.07
158.4
158.73
159.06
159.39
159.72
160.05
160.38
160.71
161.04
161.37
161.71
162.04
162.38
162.71
163.05
163.38
163.72
164.06
164.4
164.74
165.08
165.42
165.76
166.1
166.44
166.78
167.13
167.47
167.82
168.16
168.51
168.85
169.2
169.55
169.9
170.25
170.6
170.95
171.3
171.65
172
172.35
172.71
173.06
173.41
173.77
174.12
174.48
174.84
175.19
175.55
175.91
176.27
176.63
176.99
177.35
177.71
178.08
178.44
178.8
179.17
179.53
179.9
180.26
180.63
181
181.37
181.73
182.1
182.47
182.84
183.21
183.59
183.96
184.33
184.7
185.08
185.45
185.83
186.2
186.58
186.96
187.34
187.71
188.09
188.47
188.85
189.23
189.61
190
190.38
190.76
191.15
191.53
191.92
192.3
192.69
193.07
193.46
193.85
194.24
194.63
195.02
195.41
195.8
196.19
196.58
196.98
197.37
197.77
198.16
198.56
198.95
199.35
199.75
200.14
200.54
200.94
201.34
201.74
202.14
202.54
202.95
203.35
203.75
204.16
204.56
204.97
205.37
205.78
206.19
206.59
207
207.41
207.82
208.23
208.64
209.05
209.47
209.88
210.29
210.71
211.12
211.53
211.95
212.37
212.78
213.2
213.62
214.04
214.46
214.88
215.3
215.72
216.14
216.56
216.99
217.41
217.83
218.26
218.69
219.11
219.54
219.97
220.39
220.82
221.25
221.68
222.11
222.54
222.97
223.41
223.84
224.27
224.71
225.14
225.58
226.01
226.45
226.89
227.32
227.76
228.2
228.64
229.08
229.52
229.96
230.41
230.85
231.29
231.74
232.18
232.63
233.07
233.52
233.97
234.41
234.86
235.31
235.76
236.21
236.66
237.11
237.56
238.02
238.47
238.92
239.38
239.83
240.29
240.74
241.2
241.66
242.12
242.57
243.03
243.49
243.95
244.42
244.88
245.34
245.8
246.27
246.73
247.19
247.66
248.13
248.59
249.06
249.53
250
250.47
250.94
251.41
251.88
252.35
252.82
253.29
253.77
254.24
254.71
255.19
255.67
256.14
256.62
257.1
257.57
258.05
258.53
259.01
259.49
259.98
260.46
260.94
261.42
261.91
262.39
262.88
263.36
263.85
264.33
264.82
265.31
265.8
266.29
266.78
267.27
267.76
268.25
268.74
269.24
269.73
270.22
270.72
271.22
271.71
272.21
272.71
273.2
273.7
274.2
274.7
275.2
275.7
276.2
276.71
277.21
277.71
278.22
278.72
279.23
279.73
280.24
280.74
281.25
281.76
282.27
282.78
283.29
283.8
284.31
284.82
285.34
285.85
286.36
286.88
287.39
287.91
288.42
288.94
289.46
289.98
290.5
291.02
291.54
292.06
292.58
293.1
293.62
294.14
294.67
295.19
295.72
296.24
296.77
297.3
297.82
298.35
298.88
299.41
299.94
300.47
301
301.53
302.06
302.6
303.13
303.66
304.2
304.73
305.27
305.81
306.34
306.88
307.42
307.96
308.5
309.04
309.58
310.12
310.66
311.2
311.75
312.29
312.84
313.38
313.93
314.47
315.02
315.57
316.12
316.66
317.21
317.76
318.31
318.87
319.42
319.97
320.52
321.08
321.63
322.19
322.74
323.3
323.85
324.41
324.97
325.53
326.09
326.65
327.21
327.77
328.33
328.89
329.46
330.02
330.58
331.15
331.71
332.28
332.85
333.41
333.98
334.55
335.12
335.69
336.26
336.83
337.4
337.97
338.55
339.12
339.69
340.27
340.84
341.42
341.99
342.57
343.15
343.73
344.31
344.89
345.47
346.05
346.63
347.21
347.79
348.37
348.96
349.54
350.13
350.71
351.3
351.89
352.47
353.06
353.65
354.24
354.83
355.42
356.01
356.6
357.2
357.79
358.38
358.98
359.57
0.16576
0.76175
1.3584
1.9556
2.5534
3.1518
3.7509
4.3506
4.9508
5.5517
6.1532
6.7554
7.3581
7.9614
8.5654
9.17
9.7751
10.381
10.987
11.594
12.202
12.81
13.419
14.029
14.639
15.249
15.861
16.473
17.085
17.698
18.312
18.927
19.542
20.157
20.773
21.39
22.008
22.626
23.244
23.864
24.484
25.104
25.725
26.347
26.969
27.592
28.216
28.84
29.465
30.09
30.716
31.343
31.97
32.598
33.227
33.856
34.485
35.116
35.747
36.378
37.01
37.643
38.276
38.911
39.545
40.18
40.816
41.453
42.09
42.727
43.366
44.005
44.644
45.284
45.925
46.566
47.208
47.851
48.494
49.138
49.782
50.427
51.073
51.719
52.366
53.014
53.662
54.311
54.96
55.61
56.26
56.912
57.563
58.216
58.869
59.522
60.177
60.831
61.487
62.143
62.8
63.457
64.115
64.773
65.433
66.092
66.753
67.414
68.075
68.737
69.4
70.064
70.728
71.392
72.058
72.724
73.39
74.057
74.725
75.393
76.062
76.732
77.402
78.073
78.744
79.416
80.089
80.762
81.436
82.11
82.786
83.461
84.138
84.814
85.492
86.17
86.849
87.528
88.208
88.889
89.57
90.252
90.934
91.617
92.301
92.985
93.67
94.356
95.042
95.729
96.416
97.104
97.793
98.482
99.172
99.862
100.55
101.24
101.94
102.63
103.32
104.02
104.71
105.41
106.1
106.8
107.5
108.19
108.89
109.59
110.29
110.99
111.69
112.39
113.1
113.8
114.5
115.21
115.91
116.62
117.32
118.03
118.73
119.44
120.15
120.86
121.57
122.28
122.99
123.7
124.41
125.13
125.84
126.55
127.27
127.98
128.7
129.41
130.13
130.85
131.57
132.28
133
133.72
134.44
135.16
135.89
136.61
137.33
138.05
138.78
139.5
140.23
140.96
141.68
142.41
143.14
143.87
144.59
145.32
146.05
146.78
147.52
148.25
148.98
149.71
150.45
151.18
151.92
152.65
153.39
154.13
154.87
155.6
156.34
157.08
157.82
158.56
159.3
160.05
160.79
161.53
162.28
163.02
163.76
164.51
165.26
166
166.75
167.5
168.25
169
169.75
170.5
171.25
172
172.75
173.51
174.26
175.01
175.77
176.52
177.28
178.04
178.79
179.55
180.31
181.07
181.83
182.59
183.35
184.11
184.87
185.64
186.4
187.16
187.93
188.69
189.46
190.23
190.99
191.76
192.53
193.3
194.07
194.84
195.61
196.38
197.15
197.92
198.7
199.47
200.24
201.02
201.8
202.57
203.35
204.13
204.9
205.68
206.46
207.24
208.02
208.8
209.59
210.37
211.15
211.93
212.72
213.5
214.29
215.08
215.86
216.65
217.44
218.23
219.01
219.8
220.59
221.39
222.18
222.97
223.76
224.56
225.35
226.14
226.94
227.74
228.53
229.33
230.13
230.93
231.72
232.52
233.32
234.12
234.93
235.73
236.53
237.33
238.14
238.94
239.75
240.55
241.36
242.17
242.97
243.78
244.59
245.4
246.21
247.02
247.83
248.64
249.46
250.27
251.08
251.9
252.71
253.53
254.34
255.16
255.98
256.8
257.61
258.43
259.25
260.07
260.89
261.72
262.54
263.36
264.18
265.01
265.83
266.66
267.48
268.31
269.14
269.97
270.79
271.62
272.45
273.28
274.11
274.95
275.78
276.61
277.44
278.28
279.11
279.95
280.78
281.62
282.46
283.29
284.13
284.97
285.81
286.65
287.49
288.33
289.17
290.02
290.86
291.7
292.55
293.39
294.24
295.08
295.93
296.78
297.63
298.47
299.32
300.17
301.02
301.88
302.73
303.58
304.43
305.29
306.14
306.99
307.85
308.71
309.56
310.42
311.28
312.14
313
313.85
314.72
315.58
316.44
317.3
318.16
319.03
319.89
320.75
321.62
322.48
323.35
324.22
325.09
325.95
326.82
327.69
328.56
329.43
330.3
331.18
332.05
332.92
333.8
334.67
335.55
336.42
337.3
338.17
339.05
339.93
340.81
341.69
342.57
343.45
344.33
345.21
346.09
346.98
347.86
348.74
349.63
350.51
351.4
352.29
353.17
354.06
354.95
355.84
356.73
357.62
358.51
359.4
0.29338
1.1861
2.0795
2.9735
3.8681
4.7633
5.6591
6.5555
7.4526
8.3503
9.2485
10.147
11.047
11.947
12.848
13.749
14.651
15.554
16.457
17.361
18.265
19.17
20.076
20.982
21.889
22.796
23.704
24.613
25.522
26.432
27.343
28.254
29.166
30.078
30.991
31.905
32.819
33.734
34.649
35.565
36.482
37.399
38.317
39.236
40.155
41.074
41.995
42.916
43.837
44.759
45.682
46.606
47.53
48.454
49.38
50.305
51.232
52.159
53.087
54.015
54.944
55.874
56.804
57.734
58.666
59.598
60.53
61.464
62.398
63.332
64.267
65.203
66.139
67.076
68.013
68.952
69.89
70.83
71.77
72.71
73.651
74.593
75.536
76.479
77.422
78.367
79.311
80.257
81.203
82.15
83.097
84.045
84.994
85.943
86.893
87.843
88.794
89.746
90.698
91.651
92.604
93.558
94.513
95.468
96.424
97.381
98.338
99.295
100.25
101.21
102.17
103.13
104.09
105.05
106.02
106.98
107.94
108.91
109.87
110.84
111.8
112.77
113.74
114.7
115.67
116.64
117.61
118.58
119.55
120.52
121.49
122.47
123.44
124.41
125.39
126.36
127.34
128.31
129.29
130.27
131.25
132.22
133.2
134.18
135.16
136.14
137.13
138.11
139.09
140.07
141.06
142.04
143.03
144.01
145
145.99
146.98
147.96
148.95
149.94
150.93
151.92
152.92
153.91
154.9
155.89
156.89
157.88
158.88
159.87
160.87
161.87
162.86
163.86
164.86
165.86
166.86
167.86
168.86
169.86
170.87
171.87
172.87
173.88
174.88
175.89
176.9
177.9
178.91
179.92
180.93
181.94
182.95
183.96
184.97
185.98
186.99
188
189.02
190.03
191.05
192.06
193.08
194.09
195.11
196.13
197.15
198.17
199.19
200.21
201.23
202.25
203.27
204.29
205.32
206.34
207.37
208.39
209.42
210.44
211.47
212.5
213.53
214.56
215.58
216.61
217.65
218.68
219.71
220.74
221.77
222.81
223.84
224.88
225.91
226.95
227.99
229.02
230.06
231.1
232.14
233.18
234.22
235.26
236.3
237.35
238.39
239.43
240.48
241.52
242.57
243.61
244.66
245.71
246.75
247.8
248.85
249.9
250.95
252
253.05
254.11
255.16
256.21
257.27
258.32
259.38
260.43
261.49
262.55
263.6
264.66
265.72
266.78
267.84
268.9
269.96
271.03
272.09
273.15
274.21
275.28
276.34
277.41
278.48
279.54
280.61
281.68
282.75
283.82
284.89
285.96
287.03
288.1
289.17
290.25
291.32
292.39
293.47
294.54
295.62
296.7
297.77
298.85
299.93
301.01
302.09
303.17
304.25
305.33
306.41
307.5
308.58
309.67
310.75
311.84
312.92
314.01
315.09
316.18
317.27
318.36
319.45
320.54
321.63
322.72
323.81
324.91
326
327.09
328.19
329.28
330.38
331.48
332.57
333.67
334.77
335.87
336.97
338.07
339.17
340.27
341.37
342.47
343.58
344.68
345.78
346.89
347.99
349.1
350.21
351.31
352.42
353.53
354.64
355.75
356.86
357.97
359.08
0.19474
1.3076
2.4211
3.5352
4.6499
5.7653
6.8812
7.9978
9.1149
10.233
11.351
12.47
13.59
14.71
15.831
16.952
18.074
19.197
20.32
21.444
22.569
23.694
24.82
25.946
27.073
28.201
29.329
30.458
31.587
32.717
33.848
34.979
36.111
37.243
38.377
39.51
40.645
41.78
42.915
44.051
45.188
46.326
47.464
48.602
49.741
50.881
52.022
53.163
54.305
55.447
56.59
57.733
58.877
60.022
61.168
62.314
63.46
64.607
65.755
66.904
68.053
69.202
70.353
71.504
72.655
73.807
74.96
76.113
77.267
78.422
79.577
80.733
81.889
83.046
84.204
85.362
86.521
87.681
88.841
90.001
91.163
92.325
93.487
94.65
95.814
96.978
98.143
99.309
100.48
101.64
102.81
103.98
105.15
106.32
107.49
108.66
109.83
111
112.17
113.34
114.52
115.69
116.87
118.04
119.22
120.39
121.57
122.75
123.93
125.11
126.29
127.47
128.65
129.83
131.01
132.2
133.38
134.56
135.75
136.93
138.12
139.3
140.49
141.68
142.87
144.06
145.25
146.44
147.63
148.82
150.01
151.2
152.4
153.59
154.78
155.98
157.18
158.37
159.57
160.77
161.96
163.16
164.36
165.56
166.76
167.96
169.17
170.37
171.57
172.77
173.98
175.18
176.39
177.6
178.8
180.01
181.22
182.43
183.63
184.84
186.05
187.27
188.48
189.69
190.9
192.12
193.33
194.54
195.76
196.98
198.19
199.41
200.63
201.85
203.06
204.28
205.5
206.72
207.95
209.17
210.39
211.61
212.84
214.06
215.29
216.51
217.74
218.97
220.19
221.42
222.65
223.88
225.11
226.34
227.57
228.8
230.04
231.27
232.5
233.74
234.97
236.21
237.44
238.68
239.92
241.16
242.39
243.63
244.87
246.11
247.36
248.6
249.84
251.08
252.33
253.57
254.81
256.06
257.31
258.55
259.8
261.05
262.3
263.54
264.79
266.04
267.29
268.55
269.8
271.05
272.3
273.56
274.81
276.07
277.32
278.58
279.84
281.09
282.35
283.61
284.87
286.13
287.39
288.65
289.91
291.18
292.44
293.7
294.97
296.23
297.5
298.77
300.03
301.3
302.57
303.84
305.11
306.38
307.65
308.92
310.19
311.46
312.73
314.01
315.28
316.56
317.83
319.11
320.38
321.66
322.94
324.22
325.5
326.78
328.06
329.34
330.62
331.9
333.18
334.47
335.75
337.04
338.32
339.61
340.89
342.18
343.47
344.76
346.04
347.33
348.62
349.91
351.21
352.5
353.79
355.08
356.38
357.67
358.97
0.26227
1.5585
2.8553
4.1527
5.4508
6.7495
8.0487
9.3486
10.649
11.95
13.252
14.554
15.857
17.161
18.465
19.77
21.075
22.381
23.688
24.995
26.303
27.612
28.921
30.23
31.541
32.852
34.163
35.475
36.788
38.101
39.415
40.73
42.045
43.361
44.677
45.995
47.312
48.631
49.949
51.269
52.589
53.91
55.231
56.553
57.876
59.199
60.523
61.847
63.172
64.498
65.824
67.151
68.478
69.806
71.135
72.465
73.794
75.125
76.456
77.788
79.12
80.453
81.787
83.121
84.456
85.791
87.128
88.464
89.802
91.139
92.478
93.817
95.157
96.497
97.838
99.18
100.52
101.86
103.21
104.55
105.9
107.24
108.59
109.93
111.28
112.63
113.98
115.33
116.68
118.03
119.38
120.73
122.08
123.43
124.79
126.14
127.49
128.85
130.21
131.56
132.92
134.28
135.63
136.99
138.35
139.71
141.07
142.43
143.8
145.16
146.52
147.89
149.25
150.61
151.98
153.35
154.71
156.08
157.45
158.82
160.19
161.56
162.93
164.3
165.67
167.04
168.41
169.79
171.16
172.54
173.91
175.29
176.66
178.04
179.42
180.8
182.18
183.56
184.94
186.32
187.7
189.08
190.46
191.85
193.23
194.61
196
197.39
198.77
200.16
201.55
202.93
204.32
205.71
207.1
208.49
209.88
211.28
212.67
214.06
215.46
216.85
218.24
219.64
221.04
222.43
223.83
225.23
226.63
228.03
229.43
230.83
232.23
233.63
235.03
236.43
237.84
239.24
240.65
242.05
243.46
244.87
246.27
247.68
249.09
250.5
251.91
253.32
254.73
256.14
257.55
258.96
260.38
261.79
263.21
264.62
266.04
267.45
268.87
270.29
271.71
273.13
274.54
275.96
277.39
278.81
280.23
281.65
283.07
284.5
285.92
287.35
288.77
290.2
291.63
293.05
294.48
295.91
297.34
298.77
300.2
301.63
303.06
304.5
305.93
307.36
308.8
310.23
311.67
313.1
314.54
315.98
317.41
318.85
320.29
321.73
323.17
324.61
326.05
327.5
328.94
330.38
331.83
333.27
334.72
336.16
337.61
339.06
340.5
341.95
343.4
344.85
346.3
347.75
349.2
350.65
352.11
353.56
355.01
356.47
357.92
359.38
0.83443
2.2913
3.7488
5.2068
6.6655
8.1249
9.5848
11.045
12.506
13.968
15.431
16.894
18.357
19.821
21.286
22.752
24.218
25.684
27.152
28.62
30.088
31.557
33.027
34.497
35.968
37.44
38.912
40.385
41.858
43.332
44.807
46.282
47.758
49.235
50.712
52.189
53.668
55.147
56.626
58.106
59.587
61.068
62.55
64.033
65.516
67
68.485
69.97
71.455
72.942
74.429
75.916
77.404
78.893
80.382
81.872
83.363
84.854
86.346
87.838
89.331
90.825
92.319
93.814
95.31
96.806
98.302
99.8
101.3
102.8
104.3
105.8
107.3
108.8
110.3
111.8
113.3
114.81
116.31
117.82
119.32
120.83
122.33
123.84
125.35
126.86
128.37
129.88
131.39
132.9
134.41
135.92
137.43
138.95
140.46
141.97
143.49
145
146.52
148.04
149.56
151.07
152.59
154.11
155.63
157.15
158.67
160.2
161.72
163.24
164.76
166.29
167.81
169.34
170.87
172.39
173.92
175.45
176.98
178.51
180.04
181.57
183.1
184.63
186.16
187.69
189.23
190.76
192.3
193.83
195.37
196.9
198.44
199.98
201.52
203.06
204.6
206.14
207.68
209.22
210.76
212.3
213.85
215.39
216.94
218.48
220.03
221.57
223.12
224.67
226.22
227.76
229.31
230.86
232.41
233.97
235.52
237.07
238.62
240.18
241.73
243.29
244.84
246.4
247.95
249.51
251.07
252.63
254.19
255.75
257.31
258.87
260.43
261.99
263.56
265.12
266.68
268.25
269.81
271.38
272.95
274.51
276.08
277.65
279.22
280.79
282.36
283.93
285.5
287.07
288.65
290.22
291.79
293.37
294.94
296.52
298.1
299.67
301.25
302.83
304.41
305.99
307.57
309.15
310.73
312.31
313.89
315.48
317.06
318.65
320.23
321.82
323.4
324.99
326.58
328.16
329.75
331.34
332.93
334.52
336.11
337.71
339.3
340.89
342.49
344.08
345.67
347.27
348.87
350.46
352.06
353.66
355.26
356.86
358.45
0.055188
1.6561
3.2577
4.8599
6.4627
8.0661
9.6701
11.275
12.88
14.486
16.092
17.699
19.307
20.915
22.524
24.134
25.744
27.355
28.966
30.578
32.191
33.804
35.418
37.032
38.647
40.263
41.879
43.496
45.114
46.732
48.35
49.97
51.59
53.21
54.832
56.453
58.076
59.699
61.322
62.947
64.572
66.197
67.823
69.45
71.077
72.705
74.334
75.963
77.592
79.223
80.854
82.485
84.118
85.751
87.384
89.018
90.653
92.288
93.924
95.56
97.198
98.835
100.47
102.11
103.75
105.39
107.03
108.67
110.32
111.96
113.6
115.25
116.89
118.54
120.18
121.83
123.47
125.12
126.77
128.42
130.07
131.72
133.37
135.02
136.67
138.33
139.98
141.63
143.29
144.94
146.6
148.25
149.91
151.57
153.22
154.88
156.54
158.2
159.86
161.52
163.19
164.85
166.51
168.17
169.84
171.5
173.17
174.83
176.5
178.17
179.84
181.5
183.17
184.84
186.51
188.18
189.86
191.53
193.2
194.87
196.55
198.22
199.9
201.57
203.25
204.93
206.6
208.28
209.96
211.64
213.32
215
216.68
218.36
220.05
221.73
223.41
225.1
226.78
228.47
230.15
231.84
233.53
235.22
236.91
238.59
240.28
241.97
243.67
245.36
247.05
248.74
250.44
252.13
253.83
255.52
257.22
258.91
260.61
262.31
264.01
265.71
267.41
269.11
270.81
272.51
274.21
275.91
277.62
279.32
281.02
282.73
284.44
286.14
287.85
289.56
291.27
292.97
294.68
296.39
298.1
299.82
301.53
303.24
304.95
306.67
308.38
310.1
311.81
313.53
315.25
316.96
318.68
320.4
322.12
323.84
325.56
327.28
329
330.72
332.45
334.17
335.9
337.62
339.35
341.07
342.8
344.53
346.25
347.98
349.71
351.44
353.17
354.9
356.63
358.37
0.09819
1.8316
3.5656
5.3002
7.0354
8.7713
10.508
12.245
13.983
15.721
17.46
19.199
20.939
22.68
24.421
26.163
27.906
29.649
31.393
33.138
34.883
36.628
38.374
40.121
41.869
43.617
45.366
47.115
48.865
50.616
52.367
54.118
55.871
57.624
59.378
61.132
62.887
64.642
66.398
68.155
69.912
71.67
73.429
75.188
76.948
78.708
80.469
82.23
83.993
85.756
87.519
89.283
91.048
92.813
94.579
96.345
98.112
99.88
101.65
103.42
105.19
106.96
108.73
110.5
112.27
114.04
115.82
117.59
119.37
121.14
122.92
124.69
126.47
128.25
130.03
131.8
133.58
135.36
137.14
138.93
140.71
142.49
144.27
146.06
147.84
149.63
151.41
153.2
154.98
156.77
158.56
160.35
162.14
163.93
165.72
167.51
169.3
171.09
172.89
174.68
176.47
178.27
180.06
181.86
183.66
185.45
187.25
189.05
190.85
192.65
194.45
196.25
198.05
199.85
201.65
203.46
205.26
207.07
208.87
210.68
212.48
214.29
216.1
217.91
219.71
221.52
223.33
225.14
226.96
228.77
230.58
232.39
234.21
236.02
237.84
239.65
241.47
243.29
245.1
246.92
248.74
250.56
252.38
254.2
256.02
257.84
259.66
261.49
263.31
265.13
266.96
268.78
270.61
272.44
274.26
276.09
277.92
279.75
281.58
283.41
285.24
287.07
288.9
290.74
292.57
294.4
296.24
298.07
299.91
301.75
303.58
305.42
307.26
309.1
310.94
312.78
314.62
316.46
318.3
320.14
321.99
323.83
325.68
327.52
329.37
331.21
333.06
334.91
336.75
338.6
340.45
342.3
344.15
346
347.86
349.71
351.56
353.41
355.27
357.12
358.98
0.83467
2.6913
4.5486
6.4064
8.2649
10.124
11.984
13.844
15.705
17.566
19.429
21.291
23.155
25.019
26.883
28.749
30.614
32.481
34.348
36.216
38.084
39.953
41.822
43.692
45.563
47.435
49.307
51.179
53.052
54.926
56.801
58.676
60.551
62.427
64.304
66.182
68.06
69.939
71.818
73.698
75.578
77.46
79.341
81.224
83.107
84.99
86.875
88.759
90.645
92.531
94.418
96.305
98.193
100.08
101.97
103.86
105.75
107.64
109.53
111.43
113.32
115.21
117.11
119
120.9
122.79
124.69
126.59
128.48
130.38
132.28
134.18
136.08
137.98
139.88
141.78
143.69
145.59
147.49
149.4
151.3
153.21
155.12
157.02
158.93
160.84
162.75
164.66
166.57
168.48
170.39
172.3
174.21
176.13
178.04
179.95
181.87
183.78
185.7
187.62
189.53
191.45
193.37
195.29
197.21
199.13
201.05
202.97
204.89
206.82
208.74
210.66
212.59
214.51
216.44
218.37
220.29
222.22
224.15
226.08
228.01
229.94
231.87
233.8
235.73
237.67
239.6
241.53
243.47
245.4
247.34
249.28
251.21
253.15
255.09
257.03
258.97
260.91
262.85
264.79
266.73
268.67
270.62
272.56
274.5
276.45
278.39
280.34
282.29
284.23
286.18
288.13
290.08
292.03
293.98
295.93
297.88
299.84
301.79
303.74
305.7
307.65
309.61
311.56
313.52
315.48
317.43
319.39
321.35
323.31
325.27
327.23
329.19
331.16
333.12
335.08
337.05
339.01
340.98
342.94
344.91
346.87
348.84
350.81
352.78
354.75
356.72
358.69
0.66062
2.6325
4.6051
6.5782
8.5519
10.526
12.501
14.477
16.453
18.43
20.407
22.385
24.364
26.343
28.323
30.304
32.285
34.266
36.249
38.232
40.215
42.2
44.184
46.17
48.156
50.142
52.13
54.117
56.106
58.095
60.085
62.075
64.066
66.057
68.05
70.042
72.036
74.03
76.024
78.019
80.015
82.012
84.009
86.006
88.005
90.004
92.003
94.003
96.004
98.005
100.01
102.01
104.01
106.02
108.02
110.03
112.03
114.04
116.05
118.05
120.06
122.07
124.08
126.09
128.1
130.11
132.12
134.13
136.15
138.16
140.18
142.19
144.21
146.22
148.24
150.26
152.27
154.29
156.31
158.33
160.35
162.37
164.39
166.42
168.44
170.46
172.49
174.51
176.54
178.56
180.59
182.62
184.64
186.67
188.7
190.73
192.76
194.79
196.82
198.85
200.89
202.92
204.95
206.99
209.02
211.06
213.1
215.13
217.17
219.21
221.25
223.29
225.33
227.37
229.41
231.45
233.49
235.54
237.58
239.62
241.67
243.71
245.76
247.81
249.85
251.9
253.95
256
258.05
260.1
262.15
264.2
266.25
268.31
270.36
272.41
274.47
276.52
278.58
280.64
282.69
284.75
286.81
288.87
290.93
292.99
295.05
297.11
299.17
301.24
303.3
305.36
307.43
309.49
311.56
313.62
315.69
317.76
319.83
321.9
323.97
326.04
328.11
330.18
332.25
334.32
336.4
338.47
340.54
342.62
344.69
346.77
348.85
350.92
353
355.08
357.16
359.24
1.3198
3.4009
5.4826
7.5648
9.6477
11.731
13.815
15.9
17.985
20.071
22.158
24.245
26.333
28.421
30.51
32.6
34.69
36.781
38.873
40.965
43.057
45.151
47.245
49.339
51.434
53.53
55.626
57.723
59.821
61.919
64.018
66.118
68.218
70.318
72.42
74.522
76.624
78.727
80.831
82.935
85.04
87.146
89.252
91.359
93.466
95.574
97.683
99.792
101.9
104.01
106.12
108.24
110.35
112.46
114.57
116.69
118.8
120.92
123.03
125.15
127.27
129.39
131.5
133.62
135.74
137.86
139.98
142.11
144.23
146.35
148.47
150.6
152.72
154.85
156.97
159.1
161.23
163.36
165.48
167.61
169.74
171.87
174
176.13
178.27
180.4
182.53
184.67
186.8
188.93
191.07
193.21
195.34
197.48
199.62
201.76
203.9
206.04
208.18
210.32
212.46
214.6
216.75
218.89
221.03
223.18
225.32
227.47
229.62
231.76
233.91
236.06
238.21
240.36
242.51
244.66
246.81
248.96
251.12
253.27
255.42
257.58
259.73
261.89
264.05
266.2
268.36
270.52
272.68
274.84
277
279.16
281.32
283.48
285.64
287.81
289.97
292.14
294.3
296.47
298.63
300.8
302.97
305.14
307.3
309.47
311.64
313.81
315.99
318.16
320.33
322.5
324.68
326.85
329.03
331.2
333.38
335.55
337.73
339.91
342.09
344.27
346.45
348.63
350.81
352.99
355.17
357.35
359.54
1.7222
3.9068
6.0921
8.278
10.465
12.652
14.839
17.028
19.217
21.406
23.597
25.787
27.979
30.171
32.363
34.557
36.751
38.945
41.14
43.336
45.532
47.729
49.927
52.125
54.324
56.523
58.723
60.924
63.125
65.327
67.529
69.732
71.936
74.14
76.345
78.551
80.757
82.964
85.171
87.379
89.587
91.797
94.006
96.217
98.428
100.64
102.85
105.06
107.28
109.49
111.71
113.92
116.14
118.35
120.57
122.79
125.01
127.23
129.45
131.67
133.89
136.11
138.33
140.55
142.78
145
147.23
149.45
151.68
153.9
156.13
158.36
160.59
162.81
165.04
167.27
169.51
171.74
173.97
176.2
178.43
180.67
182.9
185.14
187.37
189.61
191.85
194.08
196.32
198.56
200.8
203.04
205.28
207.52
209.76
212
214.25
216.49
218.73
220.98
223.22
225.47
227.72
229.96
232.21
234.46
236.71
238.96
241.21
243.46
245.71
247.96
250.22
252.47
254.72
256.98
259.23
261.49
263.75
266
268.26
270.52
272.78
275.04
277.3
279.56
281.82
284.08
286.34
288.61
290.87
293.14
295.4
297.67
299.93
302.2
304.47
306.73
309
311.27
313.54
315.81
318.08
320.36
322.63
324.9
327.18
329.45
331.72
334
336.28
338.55
340.83
343.11
345.39
347.67
349.94
352.23
354.51
356.79
359.07
1.3525
3.6359
5.9199
8.2045
10.49
12.776
15.062
17.349
19.637
21.925
24.214
26.504
28.794
31.084
33.376
35.668
37.96
40.254
42.547
44.842
47.137
49.433
51.729
54.026
56.323
58.621
60.92
63.219
65.519
67.82
70.121
72.423
74.725
77.028
79.332
81.636
83.941
86.246
88.553
90.859
93.167
95.474
97.783
100.09
102.4
104.71
107.02
109.33
111.65
113.96
116.27
118.59
120.9
123.22
125.53
127.85
130.17
132.48
134.8
137.12
139.44
141.76
144.08
146.4
148.73
151.05
153.37
155.7
158.02
160.35
162.67
165
167.32
169.65
171.98
174.31
176.64
178.97
181.3
183.63
185.96
188.29
190.63
192.96
195.3
197.63
199.97
202.3
204.64
206.98
209.31
211.65
213.99
216.33
218.67
221.01
223.35
225.7
228.04
230.38
232.73
235.07
237.42
239.76
242.11
244.46
246.8
249.15
251.5
253.85
256.2
258.55
260.9
263.26
265.61
267.96
270.32
272.67
275.03
277.38
279.74
282.09
284.45
286.81
289.17
291.53
293.89
296.25
298.61
300.97
303.34
305.7
308.06
310.43
312.79
315.16
317.52
319.89
322.26
324.63
326.99
329.36
331.73
334.1
336.47
338.85
341.22
343.59
345.96
348.34
350.71
353.09
355.47
357.84
0.21886
2.5967
4.9751
7.3542
9.7338
12.114
14.495
16.876
19.259
21.641
24.025
26.409
28.793
31.178
33.564
35.951
38.338
40.725
43.113
45.502
47.892
50.282
52.673
55.064
57.456
59.848
62.241
64.635
67.03
69.425
71.82
74.216
76.613
79.011
81.409
83.807
86.207
88.607
91.007
93.408
95.81
98.212
100.62
103.02
105.42
107.83
110.23
112.64
115.05
117.45
119.86
122.27
124.68
127.09
129.5
131.91
134.32
136.73
139.15
141.56
143.97
146.39
148.8
151.22
153.64
156.05
158.47
160.89
163.31
165.73
168.15
170.57
172.99
175.41
177.83
180.26
182.68
185.11
187.53
189.96
192.38
194.81
197.24
199.66
202.09
204.52
206.95
209.38
211.81
214.25
216.68
219.11
221.55
223.98
226.41
228.85
231.29
233.72
236.16
238.6
241.04
243.48
245.91
248.36
250.8
253.24
255.68
258.12
260.57
263.01
265.46
267.9
270.35
272.79
275.24
277.69
280.14
282.58
285.03
287.48
289.94
292.39
294.84
297.29
299.74
302.2
304.65
307.11
309.56
312.02
314.48
316.93
319.39
321.85
324.31
326.77
329.23
331.69
334.15
336.62
339.08
341.54
344.01
346.47
348.94
351.4
353.87
356.34
358.81
1.2748
3.744
6.2138
8.6842
11.155
13.627
16.099
18.572
21.045
23.519
25.994
28.47
30.945
33.422
35.899
38.377
40.855
43.334
45.814
48.294
50.775
53.256
55.738
58.221
60.704
63.188
65.673
68.158
70.644
73.13
75.617
78.105
80.593
83.082
85.571
88.061
90.552
93.043
95.535
98.027
100.52
103.01
105.51
108
110.5
112.99
115.49
117.99
120.49
122.99
125.48
127.98
130.49
132.99
135.49
137.99
140.49
143
145.5
148.01
150.51
153.02
155.52
158.03
160.54
163.05
165.56
168.07
170.58
173.09
175.6
178.11
180.62
183.14
185.65
188.16
190.68
193.2
195.71
198.23
200.75
203.27
205.78
208.3
210.82
213.34
215.87
218.39
220.91
223.43
225.96
228.48
231.01
233.53
236.06
238.58
241.11
243.64
246.17
248.7
251.23
253.76
256.29
258.82
261.35
263.89
266.42
268.95
271.49
274.02
276.56
279.1
281.63
284.17
286.71
289.25
291.79
294.33
296.87
299.41
301.95
304.5
307.04
309.58
312.13
314.67
317.22
319.77
322.31
324.86
327.41
329.96
332.51
335.06
337.61
340.16
342.71
345.26
347.82
350.37
352.93
355.48
358.04
0.59305
3.1499
5.7074
8.2655
10.824
13.383
15.943
18.504
21.065
23.627
26.189
28.752
31.316
33.88
36.445
39.01
41.576
44.143
46.71
49.278
51.847
54.416
56.986
59.556
62.127
64.699
67.271
69.844
72.417
74.991
77.566
80.141
82.717
85.293
87.87
90.448
93.026
95.605
98.185
100.77
103.35
105.93
108.51
111.09
113.68
116.26
118.84
121.43
124.01
126.6
129.19
131.77
134.36
136.95
139.54
142.13
144.72
147.31
149.9
152.5
155.09
157.68
160.28
162.87
165.47
168.06
170.66
173.26
175.86
178.46
181.05
183.65
186.25
188.86
191.46
194.06
196.66
199.27
201.87
204.47
207.08
209.69
212.29
214.9
217.51
220.12
222.72
225.33
227.94
230.55
233.17
235.78
238.39
241
243.62
246.23
248.85
251.46
254.08
256.7
259.31
261.93
264.55
267.17
269.79
272.41
275.03
277.65
280.28
282.9
285.52
288.15
290.77
293.4
296.02
298.65
301.28
303.91
306.54
309.16
311.79
314.42
317.06
319.69
322.32
324.95
327.59
330.22
332.86
335.49
338.13
340.76
343.4
346.04
348.68
351.32
353.96
356.6
359.24
1.8777
4.5198
7.1625
9.8058
12.45
15.094
17.739
20.385
23.032
25.679
28.326
30.974
33.623
36.273
38.923
41.573
44.225
46.877
49.529
52.182
54.836
57.49
60.145
62.801
65.457
68.114
70.771
73.429
76.088
78.747
81.407
84.068
86.729
89.39
92.053
94.716
97.379
100.04
102.71
105.37
108.04
110.71
113.37
116.04
118.71
121.38
124.05
126.72
129.39
132.06
134.73
137.41
140.08
142.75
145.43
148.1
150.78
153.46
156.13
158.81
161.49
164.17
166.85
169.53
172.21
174.89
177.57
180.25
182.94
185.62
188.3
190.99
193.68
196.36
199.05
201.74
204.42
207.11
209.8
212.49
215.18
217.87
220.57
223.26
225.95
228.64
231.34
234.03
236.73
239.42
242.12
244.82
247.52
250.22
252.91
255.61
258.31
261.02
263.72
266.42
269.12
271.83
274.53
277.23
279.94
282.65
285.35
288.06
290.77
293.47
296.18
298.89
301.6
304.31
307.03
309.74
312.45
315.16
317.88
320.59
323.31
326.02
328.74
331.46
334.17
336.89
339.61
342.33
345.05
347.77
350.49
353.21
355.94
358.66
1.3817
4.106
6.8308
9.5563
12.282
15.009
17.736
20.464
23.193
25.922
28.652
31.382
34.113
36.845
39.577
42.31
45.043
47.777
50.512
53.247
55.983
58.72
61.457
64.195
66.933
69.672
72.412
75.152
77.893
80.634
83.376
86.119
88.862
91.606
94.35
97.095
99.841
102.59
105.33
108.08
110.83
113.58
116.33
119.08
121.83
124.58
127.33
130.08
132.84
135.59
138.35
141.1
143.86
146.61
149.37
152.13
154.88
157.64
160.4
163.16
165.92
168.68
171.44
174.21
176.97
179.73
182.5
185.26
188.03
190.79
193.56
196.33
199.1
201.86
204.63
207.4
210.17
212.94
215.71
218.49
221.26
224.03
226.81
229.58
232.36
235.13
237.91
240.69
243.46
246.24
249.02
251.8
254.58
257.36
260.14
262.92
265.71
268.49
271.27
274.06
276.84
279.63
282.41
285.2
287.99
290.78
293.56
296.35
299.14
301.93
304.73
307.52
310.31
313.1
315.9
318.69
321.48
324.28
327.08
329.87
332.67
335.47
338.27
341.07
343.87
346.67
349.47
352.27
355.07
357.87
0.67607
3.48
6.2846
9.0898
11.896
14.702
17.509
20.317
23.125
25.934
28.743
31.553
34.364
37.175
39.987
42.8
45.613
48.427
51.241
54.056
56.872
59.688
62.505
65.322
68.14
70.959
73.778
76.598
79.419
82.24
85.062
87.884
90.707
93.531
96.355
99.18
102.01
104.83
107.66
110.49
113.31
116.14
118.97
121.8
124.63
127.46
130.29
133.13
135.96
138.79
141.63
144.46
147.3
150.13
152.97
155.8
158.64
161.48
164.32
167.16
170
172.84
175.68
178.52
181.37
184.21
187.05
189.9
192.74
195.59
198.43
201.28
204.13
206.98
209.83
212.67
215.52
218.38
221.23
224.08
226.93
229.78
232.64
235.49
238.35
241.2
244.06
246.91
249.77
252.63
255.49
258.35
261.21
264.07
266.93
269.79
272.65
275.52
278.38
281.24
284.11
286.97
289.84
292.71
295.57
298.44
301.31
304.18
307.05
309.92
312.79
315.66
318.53
321.4
324.28
327.15
330.03
332.9
335.78
338.65
341.53
344.41
347.29
350.16
353.04
355.92
358.8
1.6854
4.5672
7.4497
10.333
13.216
16.101
18.986
21.871
24.757
27.644
30.531
33.419
36.308
39.197
42.087
44.977
47.868
50.76
53.652
56.545
59.439
62.333
65.227
68.123
71.019
73.915
76.812
79.71
82.609
85.508
88.407
91.307
94.208
97.11
100.01
102.91
105.82
108.72
111.63
114.53
117.44
120.34
123.25
126.16
129.07
131.98
134.88
137.79
140.71
143.62
146.53
149.44
152.35
155.27
158.18
161.1
164.01
166.93
169.85
172.76
175.68
178.6
181.52
184.44
187.36
190.28
193.2
196.12
199.05
201.97
204.89
207.82
210.74
213.67
216.6
219.52
222.45
225.38
228.31
231.24
234.17
237.1
240.03
242.96
245.9
248.83
251.76
254.7
257.63
260.57
263.51
266.44
269.38
272.32
275.26
278.2
281.14
284.08
287.02
289.96
292.9
295.85
298.79
301.74
304.68
307.63
310.57
313.52
316.47
319.41
322.36
325.31
328.26
331.21
334.16
337.12
340.07
343.02
345.97
348.93
351.88
354.84
357.8
0.75165
3.7089
6.6668
9.6252
12.584
15.544
18.504
21.465
24.427
27.389
30.352
33.315
36.279
39.244
42.209
45.175
48.141
51.108
54.076
57.044
60.013
62.983
65.953
68.924
71.895
74.867
77.84
80.813
83.787
86.761
89.736
92.712
95.688
98.665
101.64
104.62
107.6
110.58
113.56
116.54
119.52
122.5
125.48
128.47
131.45
134.44
137.42
140.41
143.39
146.38
149.37
152.35
155.34
158.33
161.32
164.31
167.3
170.29
173.29
176.28
179.27
182.27
185.26
188.26
191.25
194.25
197.25
200.24
203.24
206.24
209.24
212.24
215.24
218.24
221.24
224.25
227.25
230.25
233.26
236.26
239.27
242.28
245.28
248.29
251.3
254.31
257.32
260.33
263.34
266.35
269.36
272.37
275.39
278.4
281.41
284.43
287.44
290.46
293.48
296.49
299.51
302.53
305.55
308.57
311.59
314.61
317.63
320.65
323.68
326.7
329.73
332.75
335.78
338.8
341.83
344.86
347.88
350.91
353.94
356.97
2.2512e-12
