0
3.0308e-05
0.00012123
0.00027277
0.00048492
0.00075768
0.001091
0.001485
0.0019396
0.0024547
0.0030305
0.0036668
0.0043637
0.0051212
0.0059392
0.0068177
0.0077568
0.0087565
0.0098166
0.010937
0.012118
0.01336
0.014662
0.016024
0.017447
0.018931
0.020474
0.022078
0.023743
0.025468
0.027253
0.029098
0.031004
0.03297
0.034996
0.037082
0.039228
0.041435
0.043702
0.046029
0.048416
0.050863
0.05337
0.055936
0.058563
0.06125
0.063997
0.066803
0.06967
0.072596
0.075582
0.078627
0.081733
0.084898
0.088122
0.091406
0.09475
0.098153
0.10162
0.10514
0.10872
0.11236
0.11606
0.11982
0.12364
0.12751
0.13145
0.13545
0.1395
0.14362
0.14779
0.15202
0.15631
0.16066
0.16507
0.16953
0.17406
0.17864
0.18328
0.18798
0.19274
0.19756
0.20243
0.20737
0.21236
0.21741
0.22252
0.22768
0.23291
0.23819
0.24353
0.24893
0.25438
0.25989
0.26546
0.27109
0.27678
0.28252
0.28832
0.29417
0.30009
0.30606
0.31209
0.31817
0.32431
0.33051
0.33677
0.34308
0.34945
0.35587
0.36235
0.36889
0.37548
0.38213
0.38884
0.3956
0.40242
0.40929
0.41622
0.42321
0.43025
0.43734
0.4445
0.4517
0.45897
0.46628
0.47366
0.48108
0.48857
0.49611
0.5037
0.51134
0.51905
0.5268
0.53461
0.54248
0.5504
0.55837
0.5664
0.57448
0.58261
0.5908
0.59905
0.60734
0.61569
0.62409
0.63255
0.64106
0.64962
0.65824
0.66691
0.67563
0.6844
0.69323
0.70211
0.71104
0.72002
0.72906
0.73814
0.74728
0.75647
0.76572
0.77501
0.78436
0.79376
0.80321
0.81271
0.82226
0.83186
0.84151
0.85122
0.86097
0.87078
0.88063
0.89054
0.9005
0.9105
0.92056
0.93066
0.94082
0.95102
0.96128
0.97158
0.98194
0.99234
1.0028
1.0133
1.0238
1.0344
1.0451
1.0558
1.0665
1.0773
1.0882
1.099
1.11
1.121
1.132
1.1431
1.1542
1.1654
1.1766
1.1879
1.1992
1.2105
1.2219
1.2334
1.2449
1.2564
1.268
1.2797
1.2914
1.3031
1.3149
1.3267
1.3385
1.3505
1.3624
1.3744
1.3865
1.3985
1.4107
1.4229
1.4351
1.4473
1.4597
1.472
1.4844
1.4968
1.5093
1.5219
1.5344
1.547
1.5597
1.5724
1.5851
1.5979
1.6108
1.6236
1.6365
1.6495
1.6625
1.6755
1.6886
1.7017
1.7149
1.7281
1.7413
1.7546
1.7679
1.7813
1.7947
1.8081
1.8216
1.8351
1.8487
1.8623
1.8759
1.8896
1.9033
1.9171
1.9309
1.9447
1.9586
1.9725
1.9865
2.0004
2.0145
2.0285
2.0426
2.0568
2.0709
2.0852
2.0994
2.1137
2.128
2.1424
2.1568
2.1712
2.1857
2.2002
2.2147
2.2293
2.2439
2.2585
2.2732
2.2879
2.3027
2.3175
2.3323
2.3471
2.362
2.377
2.3919
2.4069
2.4219
2.437
2.4521
2.4672
2.4823
2.4975
2.5127
2.528
2.5433
2.5586
2.5739
2.5893
2.6047
2.6202
2.6356
2.6512
2.6667
2.6823
2.6979
2.7135
2.7291
2.7448
2.7605
2.7763
2.7921
2.8079
2.8237
2.8396
2.8555
2.8714
2.8873
2.9033
2.9193
2.9354
2.9514
2.9675
2.9836
2.9998
3.016
3.0322
3.0484
3.0646
3.0809
3.0972
3.1136
3.1299
3.1463
3.1627
3.1791
3.1956
3.2121
3.2286
3.2451
3.2617
3.2783
3.2949
3.3115
3.3282
3.3449
3.3616
3.3783
3.3951
3.4119
3.4287
3.4455
3.4623
3.4792
3.4961
3.513
3.5299
3.5469
3.5639
3.5809
3.5979
3.615
3.632
3.6491
3.6662
3.6833
3.7005
3.7177
3.7349
3.7521
3.7693
3.7865
3.8038
3.8211
3.8384
3.8557
3.8731
3.8904
3.9078
3.9252
3.9426
3.9601
3.9775
3.995
4.0125
4.03
4.0475
4.065
4.0826
4.1002
4.1177
4.1353
4.153
4.1706
4.1883
4.2059
4.2236
4.2413
4.259
4.2767
4.2945
4.3122
4.33
4.3478
4.3656
4.3834
4.4012
4.4191
4.4369
4.4548
4.4727
4.4906
4.5085
4.5264
4.5443
4.5623
4.5802
4.5982
4.6162
4.6342
4.6522
4.6702
4.6882
4.7063
4.7243
4.7424
4.7604
4.7785
4.7966
4.8147
4.8328
4.8509
4.8691
4.8872
4.9053
4.9235
4.9417
4.9598
4.978
4.9962
5.0144
5.0326
5.0508
5.069
5.0873
5.1055
5.1237
5.142
5.1602
5.1785
5.1968
5.2151
5.2333
5.2516
5.2699
5.2882
5.3065
5.3248
5.3432
5.3615
5.3798
5.3981
5.4165
5.4348
5.4532
5.4715
5.4899
5.5082
5.5266
5.5449
5.5633
5.5817
5.6001
5.6184
5.6368
5.6552
5.6736
5.692
5.7104
5.7287
5.7471
5.7655
5.7839
5.8023
5.8207
5.8391
5.8575
5.8759
5.8943
5.9127
5.9312
5.9496
5.968
5.9864
6.0048
6.0232
6.0416
6.06
6.0784
6.0968
6.1152
6.1336
6.152
6.1704
6.1888
6.2072
6.2256
6.2439
6.2623
6.2807
6.2991
6.3175
6.3358
6.3542
6.3726
6.391
6.4093
6.4277
6.446
6.4644
6.4827
6.5011
6.5194
6.5377
6.5561
6.5744
6.5927
6.611
6.6294
6.6477
6.666
6.6843
6.7025
6.7208
6.7391
6.7574
6.7756
6.7939
6.8122
6.8304
6.8486
6.8669
6.8851
6.9033
6.9215
6.9397
6.9579
6.9761
6.9943
7.0125
7.0306
7.0488
7.0669
7.0851
7.1032
7.1213
7.1394
7.1576
7.1756
7.1937
7.2118
7.2299
7.2479
7.266
7.284
7.3021
7.3201
7.3381
7.3561
7.3741
7.3921
7.41
7.428
7.4459
7.4639
7.4818
7.4997
7.5176
7.5355
7.5534
7.5712
7.5891
7.6069
7.6248
7.6426
7.6604
7.6782
7.696
7.7137
7.7315
7.7492
7.7669
7.7847
7.8024
7.8201
7.8377
7.8554
7.873
7.8907
7.9083
7.9259
7.9435
7.9611
7.9786
7.9962
8.0137
8.0313
8.0488
8.0663
8.0837
8.1012
8.1186
8.1361
8.1535
8.1709
8.1883
8.2056
8.223
8.2403
8.2576
8.275
8.2922
8.3095
8.3268
8.344
8.3612
8.3784
8.3956
8.4128
8.43
8.4471
8.4642
8.4813
8.4984
8.5155
8.5325
8.5496
8.5666
8.5836
8.6006
8.6175
8.6345
8.6514
8.6683
8.6852
8.7021
8.7189
8.7357
8.7526
8.7694
8.7861
8.8029
8.8196
8.8364
8.8531
8.8697
8.8864
8.903
8.9197
8.9363
8.9529
8.9694
8.986
9.0025
9.019
9.0355
9.0519
9.0684
9.0848
9.1012
9.1176
9.1339
9.1503
9.1666
9.1829
9.1992
9.2154
9.2317
9.2479
9.2641
9.2802
9.2964
9.3125
9.3286
9.3447
9.3608
9.3768
9.3928
9.4088
9.4248
9.4408
9.4567
9.4726
9.4885
9.5044
9.5202
9.536
9.5518
9.5676
9.5834
9.5991
9.6148
9.6305
9.6461
9.6618
9.6774
9.693
9.7086
9.7241
9.7396
9.7551
9.7706
9.7861
9.8015
9.8169
9.8323
9.8476
9.863
9.8783
9.8936
9.9088
9.9241
9.9393
9.9545
9.9696
9.9848
9.9999
10.015
10.03
10.045
10.06
10.075
10.09
10.105
10.12
10.135
10.15
10.165
10.179
10.194
10.209
10.224
10.238
10.253
10.268
10.282
10.297
10.312
10.326
10.341
10.355
10.37
10.384
10.399
10.413
10.428
10.442
10.456
10.471
10.485
10.499
10.513
10.528
10.542
10.556
10.57
10.584
10.598
10.612
10.626
10.64
10.654
10.668
10.682
10.696
10.71
10.724
10.738
10.751
10.765
10.779
10.793
10.806
10.82
10.834
10.847
10.861
10.874
10.888
10.901
10.915
10.928
10.942
10.955
10.969
10.982
10.995
11.009
11.022
11.035
11.048
11.061
11.075
11.088
11.101
11.114
11.127
11.14
11.153
11.166
11.179
11.192
11.205
11.217
11.23
11.243
11.256
11.269
11.281
11.294
11.307
11.319
11.332
11.345
11.357
11.37
11.382
11.395
11.407
11.419
11.432
11.444
11.457
11.469
11.481
11.493
11.506
11.518
11.53
11.542
11.554
11.566
11.578
11.59
11.602
11.614
11.626
11.638
11.65
11.662
11.674
11.686
11.697
11.709
11.721
11.733
11.744
11.756
11.768
11.779
11.791
11.802
11.814
11.825
11.837
11.848
11.86
11.871
11.882
11.894
11.905
11.916
11.927
11.939
11.95
11.961
11.972
11.983
11.994
12.005
12.016
12.027
12.038
12.049
12.06
12.071
12.082
12.093
12.103
12.114
12.125
12.136
12.146
12.157
12.168
12.178
12.189
12.199
12.21
12.22
12.231
12.241
12.252
12.262
12.272
12.283
12.293
12.303
12.314
12.324
12.334
12.344
12.354
12.364
12.375
12.385
12.395
12.405
12.415
12.425
12.434
12.444
12.454
12.464
12.474
12.484
12.493
12.503
12.513
12.523
12.532
12.542
12.551
12.561
12.571
12.58
12.59
12.599
12.608
12.618
12.627
12.637
12.646
12.655
12.665
12.674
12.683
12.692
12.701
12.711
12.72
12.729
12.738
12.747
12.756
12.765
12.774
12.783
12.792
12.801
12.81
12.818
12.827
12.836
12.845
12.853
12.862
12.871
12.879
12.888
12.897
12.905
12.914
12.922
12.931
12.939
12.948
12.956
12.965
12.973
12.981
12.99
12.998
13.006
13.014
13.023
13.031
13.039
13.047
13.055
13.063
13.072
13.08
13.088
13.096
13.104
13.111
13.119
13.127
13.135
13.143
13.151
13.159
13.166
13.174
13.182
13.19
13.197
13.205
13.213
13.22
13.228
13.235
13.243
13.25
13.258
13.265
13.273
13.28
13.287
13.295
13.302
13.309
13.317
13.324
13.331
13.338
13.346
13.353
13.36
13.367
13.374
13.381
13.388
13.395
13.402
13.409
13.416
13.423
13.43
13.437
13.444
13.451
13.458
13.464
13.471
13.478
13.485
13.491
13.498
13.505
13.511
13.518
13.524
13.531
13.538
13.544
13.551
13.557
13.564
13.57
13.576
13.583
13.589
13.595
13.602
13.608
13.614
13.621
13.627
13.633
13.639
13.645
13.652
13.658
13.664
13.67
13.676
13.682
13.688
13.694
13.7
13.706
13.712
13.718
13.724
13.729
13.735
13.741
13.747
13.753
13.758
13.764
13.77
13.776
13.781
13.787
13.793
13.798
13.804
13.809
13.815
13.82
13.826
13.831
13.837
13.842
13.848
13.853
13.859
13.864
13.869
13.875
13.88
13.885
13.891
13.896
13.901
13.906
13.911
13.917
13.922
13.927
13.932
13.937
13.942
13.947
13.952
13.957
13.962
13.967
13.972
13.977
13.982
13.987
13.992
13.997
14.002
14.006
14.011
14.016
14.021
14.025
14.03
14.035
14.04
14.044
14.049
14.054
14.058
14.063
14.067
14.072
14.077
14.081
14.086
14.09
14.095
14.099
14.103
14.108
14.112
14.117
14.121
14.125
14.13
14.134
14.138
14.143
14.147
14.151
14.155
14.16
14.164
14.168
14.172
14.176
14.18
14.185
14.189
14.193
14.197
14.201
14.205
14.209
14.213
14.217
14.221
14.225
14.229
14.233
14.236
14.24
14.244
14.248
14.252
14.256
14.26
14.263
14.267
14.271
14.275
14.278
14.282
14.286
14.289
14.293
14.297
14.3
14.304
14.308
14.311
14.315
14.318
14.322
14.325
14.329
14.332
14.336
14.339
14.343
14.346
14.349
14.353
14.356
14.36
14.363
14.366
14.37
14.373
14.376
14.38
14.383
14.386
14.389
14.393
14.396
14.399
14.402
14.405
14.408
14.412
14.415
14.418
14.421
14.424
14.427
14.43
14.433
14.436
14.439
14.442
14.445
14.448
14.451
14.454
14.457
14.46
14.463
14.466
14.469
14.472
14.475
14.477
14.48
14.483
14.486
14.489
14.491
14.494
14.497
14.5
14.502
14.505
14.508
14.511
14.513
14.516
14.519
14.521
14.524
14.526
14.529
14.532
14.534
14.537
14.539
14.542
14.544
14.547
14.549
14.552
14.554
14.557
14.559
14.562
14.564
14.567
14.569
14.572
14.574
14.576
14.579
14.581
14.583
14.586
14.588
14.59
14.593
14.595
14.597
14.6
14.602
14.604
14.606
14.609
14.611
14.613
14.615
14.617
14.62
14.622
14.624
14.626
14.628
14.63
14.632
14.635
14.637
14.639
14.641
14.643
14.645
14.647
14.649
14.651
14.653
14.655
14.657
14.659
14.661
14.663
14.665
14.667
14.669
14.671
14.673
14.674
14.676
14.678
14.68
14.682
14.684
14.686
14.688
14.689
14.691
14.693
14.695
14.697
14.698
14.7
14.702
14.704
14.705
14.707
14.709
14.711
14.712
14.714
14.716
14.717
14.719
14.721
14.722
14.724
14.726
14.727
14.729
14.731
14.732
14.734
14.735
14.737
14.739
14.74
14.742
14.743
14.745
14.746
14.748
14.749
14.751
14.752
14.754
14.755
14.757
14.758
14.76
14.761
14.763
14.764
14.766
14.767
14.769
14.77
14.771
14.773
14.774
14.776
14.777
14.778
14.78
14.781
14.782
14.784
14.785
14.786
14.788
14.789
14.79
14.792
14.793
14.794
14.795
14.797
14.798
14.799
14.8
14.802
14.803
14.804
14.805
14.807
14.808
14.809
14.81
14.811
14.813
14.814
14.815
14.816
14.817
14.818
14.82
14.821
14.822
14.823
14.824
14.825
14.826
14.827
14.828
14.83
14.831
14.832
14.833
14.834
14.835
14.836
14.837
14.838
14.839
14.84
14.841
14.842
14.843
14.844
14.845
14.846
14.847
14.848
14.849
14.85
14.851
14.852
14.853
14.854
14.855
14.856
14.857
14.858
14.859
14.86
14.86
14.861
14.862
14.863
14.864
14.865
14.866
14.867
14.868
14.868
14.869
14.87
14.871
14.872
14.873
14.874
14.874
14.875
14.876
14.877
14.878
14.878
14.879
14.88
14.881
14.882
14.882
14.883
14.884
14.885
14.886
14.886
14.887
14.888
14.889
14.889
14.89
14.891
14.891
14.892
14.893
14.894
14.894
14.895
14.896
14.896
14.897
14.898
14.899
14.899
14.9
14.901
14.901
14.902
14.903
14.903
14.904
14.905
14.905
14.906
14.907
14.907
14.908
14.908
14.909
14.91
14.91
14.911
14.912
14.912
14.913
14.913
14.914
14.915
14.915
14.916
14.916
14.917
14.917
14.918
14.919
14.919
14.92
14.92
14.921
14.921
14.922
14.922
14.923
14.923
14.924
14.925
14.925
14.926
14.926
14.927
14.927
14.928
14.928
14.929
14.929
14.93
14.93
14.931
14.931
14.932
14.932
14.933
14.933
14.934
14.934
14.934
14.935
14.935
14.936
14.936
14.937
14.937
14.938
14.938
14.939
14.939
14.939
14.94
14.94
14.941
14.941
14.942
14.942
14.942
14.943
14.943
14.944
14.944
14.944
14.945
14.945
14.946
14.946
14.946
14.947
14.947
14.948
14.948
14.948
14.949
14.949
14.949
14.95
14.95
14.951
14.951
14.951
14.952
14.952
14.952
14.953
14.953
14.953
14.954
14.954
14.954
14.955
14.955
14.955
14.956
14.956
14.956
14.957
14.957
14.957
14.958
14.958
14.958
14.959
14.959
14.959
14.959
14.96
14.96
14.96
14.961
14.961
14.961
14.962
14.962
14.962
14.962
14.963
14.963
14.963
14.964
14.964
14.964
14.964
14.965
14.965
14.965
14.965
14.966
14.966
14.966
14.966
14.967
14.967
14.967
14.967
14.968
14.968
14.968
14.968
14.969
14.969
14.969
14.969
14.97
14.97
14.97
14.97
14.971
14.971
14.971
14.971
14.971
14.972
14.972
14.972
14.972
14.972
14.973
14.973
14.973
14.973
14.974
14.974
14.974
14.974
14.974
14.975
14.975
14.975
14.975
14.975
14.976
14.976
14.976
14.976
14.976
14.976
14.977
14.977
14.977
14.977
14.977
14.978
14.978
14.978
14.978
14.978
14.978
14.979
14.979
14.979
14.979
14.979
14.979
14.98
14.98
14.98
14.98
14.98
14.98
14.981
14.981
14.981
14.981
14.981
14.981
14.981
14.982
14.982
14.982
14.982
14.982
14.982
14.982
14.983
14.983
14.983
14.983
14.983
14.983
14.983
14.984
14.984
14.984
14.984
14.984
14.984
14.984
14.984
14.985
14.985
14.985
14.985
14.985
14.985
14.985
14.985
14.986
14.986
14.986
14.986
14.986
14.986
14.986
14.986
14.986
14.987
14.987
14.987
14.987
14.987
14.987
14.987
14.987
14.987
14.988
14.988
14.988
14.988
14.988
14.988
14.988
14.988
14.988
14.988
14.989
14.989
14.989
14.989
14.989
14.989
14.989
14.989
14.989
14.989
14.989
14.99
14.99
14.99
14.99
14.99
14.99
14.99
14.99
14.99
14.99
14.99
14.99
14.991
14.991
14.991
14.991
14.991
14.991
14.991
14.991
14.991
14.991
14.991
14.991
14.991
14.992
14.992
14.992
14.992
14.992
14.992
14.992
14.992
14.992
14.992
14.992
14.992
14.992
14.992
14.993
14.993
14.993
14.993
14.993
14.993
14.993
14.993
14.993
14.993
14.993
14.993
14.993
14.993
14.993
14.993
14.993
14.994
14.994
14.994
14.994
14.994
14.994
14.994
14.994
14.994
14.994
14.994
14.994
14.994
14.994
14.994
14.994
14.994
14.994
14.994
14.995
14.995
14.995
14.995
14.995
14.995
14.995
14.995
14.995
14.995
14.995
14.995
14.995
14.995
14.995
14.995
14.995
14.995
14.995
14.995
14.995
14.995
14.996
14.996
14.996
14.996
14.996
14.996
14.996
14.996
14.996
14.996
14.996
14.996
14.996
14.996
14.996
14.996
14.996
14.996
14.996
14.996
14.996
14.996
14.996
14.996
14.996
14.996
14.996
14.996
14.997
14.997
14.997
14.997
14.997
14.997
14.997
14.997
14.997
14.997
14.997
14.997
14.997
14.997
14.997
14.997
14.997
14.997
14.997
14.997
14.997
14.997
14.997
14.997
14.997
14.997
14.997
14.997
14.997
14.997
14.997
14.997
14.997
14.997
14.997
14.997
14.998
14.998
14.998
14.998
14.998
14.998
14.998
14.998
14.998
14.998
14.998
14.998
14.998
14.998
14.998
14.998
14.998
14.998
14.998
14.998
14.998
14.998
14.998
14.998
14.998
14.998
14.998
14.998
14.998
14.998
14.998
14.998
14.998
14.998
14.998
14.998
14.998
14.998
14.998
14.998
14.998
14.998
14.998
14.998
14.998
14.998
14.998
14.998
14.998
14.998
14.998
14.998
14.998
14.998
14.999
14.999
14.999
14.999
14.999
14.999
14.999
14.999
14.999
14.999
14.999
14.999
14.999
14.999
14.999
14.999
14.999
14.999
14.999
14.999
14.999
14.999
14.999
14.999
14.999
14.999
14.999
14.999
14.999
14.999
14.999
14.999
14.999
14.999
14.999
14.999
14.999
14.999
14.999
14.999
14.999
14.999
14.999
14.999
14.999
14.999
14.999
14.999
14.999
14.999
14.999
14.999
14.999
14.999
14.999
14.999
14.999
14.999
14.999
14.999
14.999
14.999
14.999
14.999
14.999
14.999
14.999
14.999
14.999
14.999
14.999
14.999
14.999
14.999
14.999
14.999
14.999
14.999
14.999
14.999
14.999
14.999
14.999
14.999
14.999
14.999
14.999
14.999
14.999
14.999
14.999
14.999
14.999
14.999
14.999
14.999
14.999
14.999
14.999
14.999
14.999
14.999
14.999
14.999
14.999
14.999
14.999
14.999
14.999
15
15
15
15
15
15
15
15
15
15
15
15
15
15
15
15
15
15
15
15
15
15
15
15
15
15
15
15
15
15
15
15
15
15
15
15
15
15
15
15
15
15
15
15
15
15
15
15
15
15
15
15
15
15
15
15
15
15
15
15
15
15
15
15
15
15
15
15
15
15
15
15
15
15
15
15
15
15
15
15
15
15
15
15
15
15
15
15
15
15
15
15
15
15
15
15
15
15
15
15
15
15
15
15
15
15
15
15
15
15
15
15
15
15
15
15
15
15
15
15
15
15
15
15
15
15
15
15
15
15
15
15
15
15
15
15
15
15
15
15
15
15
15
15
15
15
15
15
15
15
15
15
15
15
15
15
15
15
15
15
15
15
15
15
15
15
15
15
15
15
15
15
15
15
15
15
15
15
15
15
15
15
15
15
15
15
15
15
15
15
15
15
15
15
15
15
15
15
15
15
15
15
15
15
15
15
15
15
15
15
15
15
15
15
15
15
15
15
15
15
15
15
15
15
15
15
15
15
15
15
15
15
15
15
15
15
15
15
15
15
15
15
15
15
15
15
15
15
15
15
15
15
15
15
15
15
15
15
15
15
15
15
15
15
15
15
15
15
15
15
15
15
15
15
15
15
15
15
15
15
15
15
15
15
15
15
15
15
15
15
15
15
15
15
15
15
15
15
15
15
15
15
15
15
15
15
15
15
15
15
15
15
15
15
15
15
15
15
15
15
15
15
15
15
15
15
15
15
15
15
15
15
15
15
15
15
15
15
15
15
15
15
15
15
15
15
15
15
15
15
15
15
15
15
15
15
15
15
15
15
15
15
15
15
15
15
15
15
15
15
15
15
15
15
15
15
15
15
15
15
15
15
15
15
15
15
15
15
15
15
15
15
15
15
15
15
15
15
15
15
15
15
15
15
15
15
15
15
15
15
15
15
15
15
15
15
15
15
15
15
15
15
15
15
15
15
15
15
15
15
15
15
15
15
15
15
15
15
15
15
15
15
15
15
15
15
15
15
15
15
15
15
15
15
15
15
15
15
15
15
15
15
15
15
15
15
15
15
15
15
15
15
15
15
15
15
15
15
15
15
15
15
15
15
15
15
15
15
15
15
15
15
15
15
15
15
15
15
15
15
15
15
15
15
15
15
15
15
15
15
15
15
15
15
15
15
15
15
15
15
15
15
15
15
15
15
15
15
15
15
15
15
15
15
15
15
15
15
15
15
15
15
15
15
15
15
15
15
15
15
15
15
15
15
15
15
15
15
15
15
15
15
15
15
15
15
15
15
15
15
15
15
15
15
15
15
15
15
15
15
15
15
15
15
15
15
15
15
15
15
15
15
15
15
15
15
15
15
15
15
15
15
15
15
15
15
15
15
15
15
15
15
15
15
15
15
15
15
15
15
15
15
15
15
15
15
15
15
15
15
15
15
15
15
15
15
15
15
15
15
15
15
15
15
15
15
15
15
15
15
15
15
15
15
15
15
15
15
15
15
15
15
15
15
15
15
15
15
15
15
15
15
15
15
15
15
15
15
15
15
15
15
15
15
15
15
15
15
15
15
15
15
15
15
15
15
15
15
15
15
15
15
15
15
15
15
15
15
15
15
15
15
15
15
15
15
15
15
15
15
15
15
15
15
15
15
15
15
15
15
15
15
15
15
15
15
15
15
15
15
15
15
15
15
15
15
15
15
15
15
15
15
15
15
15
15
15
15
15
15
15
15
15
15
15
15
15
15
15
15
15
15
15
15
15
15
15
15
15
15
15
15
15
15
15
15
15
15
15
15
15
15
15
15
15
15
15
15
15
15
15
15
15
15
15
15
15
15
15
15
15
15
15
15
15
15
15
15
15
15
15
15
15
15
15
15
15
15
15
15
15
15
15
15
15
15
15
15
15
15
15
15
15
15
15
15
15
15
15
15
15
15
15
15
15
15
15
15
15
15
15
15
15
15
15
15
15
15
15
15
15
15
15
15
15
15
15
15
15
15
15
15
15
15
15
15
15
15
15
15
15
15
15
15
15
15
15
15
15
15
15
15
15
15
15
15
15
15
15
15
15
15
15
15
15
15
15
15
15
15
15
15
15
15
15
15
15
15
15
15
15
15
15
15
15
15
15
15
15
15
15
15
15
15
15
15
15
15
15
15
15
15
15
15
15
15
15
15
15
15
15
15
15
15
15
15
15
15
15
15
15
15
15
15
15
15
15
15
15
15
15
15
15
15
15
15
15
15
15
15
15
15
15
15
15
15
15
15
15
15
15
15
15
15
15
15
15
15
15
15
15
15
15
15
15
15
15
15
15
15
15
15
15
15
15
15
15
15
15
15
15
15
15
15
15
15
15
15
15
15
15
15
15
15
15
15
15
15
15
15
15
15
15
15
15
15
15
15
15
15
15
15
15
15
15
15
15
15
15
15
15
15
15
15
15
15
15
15
15
15
15
15
15
15
15
15
15
15
15
15
15
15
15
15
15
15
15
15
15
15
15
15
15
15
15
15
15
15
15
15
15
15
15
15
15
15
15
15
15
15
15
15
15
15
15
15
15
15
15
15
15
15
15
15
15
15
15
15
15
15
15
15
15
15
15
15
15
15
15
15
15
15
15
15
15
15
15
15
15
15
15
15
15
15
15
15
15
15
15
15
15
15
15
15
15
15
15
15
15
15
15
15
15
15
15
15
15
15
15
15
15
15
15
15
15
15
15
15
15
15
15
15
15
15
15
15
15
15
15
15
15
15
15
15
15
15
15
15
15
15
15
15
15
15
15
15
15
15
15
15
15
15
15
15
15
15
15
15
15
15
15
15
15
15
15
15
15
15
15
15
15
15
15
15
15
15
15
15
15
15
15
15
15
15
15
15
15
15
15
15
15
15
15
15
15
15
15
15
15
15
15
15
15
15
15
15
15
15
15
15
15
15
15
15
15
15
15
15
15
15
15
15
15
15
15
15
15
15
15
15
15
15
15
15
15
15
15
15
15
15
15
15
15
15
15
15
15
15
15
15
15
15
15
15
15
15
15
15
15
15
15
15
15
15
15
15
15
15
15
15
15
15
15
15
15
15
15
15
15
15
15
15
15
15
15
15
15
15
15
15
15
15
15
15
15
15
15
15
15
15
15
15
15
15
15
15
15
15
15
15
15
15
15
15
15
15
15
15
15
15
15
15
15
15
15
15
15
15
15
15
15
15
15
15
15
15
15
15
15
15
15
15
15
15
15
15
15
15
15
15
15
15
15
15
15
15
15
15
15
15
15
15
15
15
15
15
15
15
15
15
15
15
15
15
15
15
15
15
15
15
15
15
15
15
15
15
15
15
15
15
15
15
15
15
15
15
15
15
15
15
15
15
15
15
15
15
15
15
15
15
15
15
15
15
15
15
15
15
15
15
15
15
15
15
15
15
15
15
15
15
15
15
15
15
15
15
15
15
15
15
15
15
15
15
15
15
15
15
15
15
15
15
15
15
15
15
15
15
15
15
15
15
15
15
15
15
15
15
15
15
15
15
15
15
15
15
15
15
15
15
15
15
15
15
15
15
15
15
15
15
15
15
15
15
15
15
15
15
15
15
15
15
15
15
15
15
15
15
15
15
15
15
15
15
15
15
15
15
15
15
15
15
15
15
15
15
15
15
15
15
15
15
15
15
15
15
15
15
15
15
15
15
15
15
15
15
15
15
15
15
15
15
15
15
15
15
15
15
15
15
15
15
15
15
15
15
15
15
15
15
15
15
15
15
15
15
15
15
15
15
15
15
15
15
15
15
15
15
15
15
15
15
15
15
15
15
15
15
15
15
15
15
15
15
15
15
15
15
15
15
15
15
15
15
15
15
15
15
15
15
15
15
15
15
15
15
15
15
15
15
15
15
15
15
15
15
15
15
15
15
15
15
15
15
15
15
15
15
15
15
15
15
15
15
15
15
15
15
15
15
15
15
15
15
15
15
15
15
15
15
15
15
15
15
15
15
15
15
15
15
15
15
15
15
15
15
15
15
15
15
15
15
15
15
15
15
15
15
15
15
15
15
15
15
15
15
15
15
15
15
15
15
15
15
15
15
15
15
15
15
15
15
15
15
15
15
15
15
15
15
15
15
15
15
15
15
15
15
15
15
15
15
15
15
15
15
15
15
15
15
15
15
15
15
15
15
15
15
15
15
15
15
15
15
15
15
15
15
15
15
15
15
15
15
15
15
15
15
15
15
15
15
15
15
15
15
15
15
15
15
15
15
15
15
15
15
15
15
15
15
15
15
15
15
15
15
15
15
15
15
15
15
15
15
15
15
15
15
15
15
15
15
15
15
15
15
15
15
15
15
15
15
15
15
15
15
15
15
15
15
15
15
15
15
15
15
15
15
15
15
15
15
15
15
15
15
15
15
15
15
15
15
15
15
15
15
15
15
15
15
15
15
15
15
15
15
15
15
15
15
15
15
15
15
15
15
15
15
15
15
15
15
15
15
15
15
15
15
15
15
15
15
15
15
15
15
15
15
15
15
15
15
15
15
15
15
15
15
15
15
15
15
15
15
15
15
15
15
15
15
15
15
15
15
15
15
15
15
15
15
15
15
15
15
15
15
15
15
15
15
15
15
15
15
15
15
15
15
15
15
15
15
15
15
15
15
15
15
15
15
15
15
15
15
15
15
15
15
15
15
15
15
15
15
15
15
15
15
15
15
15
15
15
15
15
15
15
15
15
15
15
15
15
15
15
15
15
15
15
15
15
15
15
15
15
15
15
15
15
15
15
15
15
15
15
15
15
15
15
15
15
15
15
15
15
15
15
15
15
15
15
15
15
15
15
15
15
15
15
15
15
15
15
15
15
15
15
15
15
15
15
15
15
15
15
15
15
15
15
15
15
15
15
15
15
15
15
15
15
15
15
15
15
15
15
15
15
15
15
15
15
15
15
15
15
15
15
15
15
15
15
15
15
15
15
15
15
15
15
15
15
15
15
15
15
15
15
15
15
15
15
15
15
15
15
15
15
15
15
15
15
15
15
15
15
15
15
15
15
15
15
15
15
15
15
15
15
15
15
15
15
15
15
15
15
15
15
15
15
15
15
15
15
15
15
15
15
15
15
15
15
15
15
15
15
15
15
15
15
15
15
15
15
15
15
15
15
15
15
15
15
15
15
15
15
15
15
15
15
15
15
15
15
15
15
15
15
15
15
15
15
15
15
15
15
15
15
15
15
15
15
15
15
15
15
15
15
15
15
15
15
15
15
15
15
15
15
15
15
15
15
15
15
15
15
15
15
15
15
15
15
15
15
15
15
15
15
15
15
15
15
15
15
15
15
15
15
15
15
15
15
15
15
15
15
15
15
15
15
15
15
15
15
15
15
15
15
15
15
15
15
15
15
15
15
15
15
15
15
15
15
15
15
15
15
15
15
15
15
15
15
15
15
15
15
15
15
15
15
15
15
15
15
15
15
15
15
15
15
15
15
15
15
15
15
15
15
15
15
15
15
15
15
15
15
15
15
15
15
15
15
15
15
15
15
15
15
15
15
15
15
15
15
15
15
15
15
15
15
15
15
15
15
15
15
15
15
15
15
15
15
15
15
15
15
15
15
15
15
15
15
15
15
15
15
15
15
15
15
15
15
15
15
15
15
15
15
15
15
15
15
15
15
15
15
15
15
15
15
15
15
15
15
15
15
15
15
15
15
15
15
15
15
15
15
15
15
15
15
15
15
15
15
15
15
15
15
15
15
15
15
15
15
15
15
15
15
15
15
15
15
15
15
15
15
15
15
15
15
15
15
15
15
15
15
15
15
15
15
15
15
15
15
15
15
15
15
15
15
15
15
15
15
15
15
15
15
15
15
15
15
15
15
15
15
15
15
15
15
15
15
15
15
15
15
15
15
15
15
15
15
15
15
15
15
15
15
15
15
15
15
15
15
15
15
15
15
15
15
15
15
15
15
15
15
15
15
15
15
15
15
15
15
15
15
15
15
15
15
15
15
15
15
15
15
15
15
15
15
15
15
15
15
15
15
15
15
15
15
15
15
15
15
15
15
15
15
15
15
15
15
15
15
15
15
15
15
15
15
15
15
15
15
15
15
15
15
15
15
15
15
15
15
15
15
15
15
15
15
15
15
15
15
15
15
15
15
15
15
15
15
15
15
15
15
15
15
15
15
15
15
15
15
15
15
15
15
15
15
15
15
15
15
15
15
15
15
15
15
15
15
15
15
15
15
15
15
15
15
15
15
15
15
15
15
15
15
15
15
15
15
15
15
15
15
15
15
15
15
15
15
15
15
15
15
15
15
15
15
15
15
15
15
15
15
15
15
15
15
15
15
15
15
15
15
15
15
15
15
15
15
15
15
15
15
15
15
15
15
15
15
15
15
15
15
15
15
15
15
15
15
15
15
15
15
15
15
15
15
15
15
15
15
15
15
15
15
15
15
15
15
15
15
15
15
15
15
15
15
15
15
15
15
15
15
15
15
15
15
15
15
15
15
15
15
15
15
15
15
15
15
15
15
15
15
15
15
15
15
15
15
15
15
15
15
15
15
15
15
15
15
15
15
15
15
15
15
15
15
15
15
15
15
15
15
15
15
15
15
15
15
15
15
15
15
15
15
15
15
15
15
15
15
15
15
15
15
15
15
15
15
15
15
15
15
15
15
15
15
15
15
15
15
15
15
15
15
15
15
15
15
15
15
15
15
15
15
15
15
15
15
15
15
15
15
15
15
15
15
15
15
15
15
15
15
15
15
15
15
15
15
15
15
15
15
15
15
15
15
15
15
15
15
15
15
15
15
15
15
15
15
15
15
15
15
15
15
15
15
15
15
15
15
15
15
15
15
15
15
15
15
15
15
15
15
15
15
15
15
15
15
15
15
15
15
15
15
15
15
15
15
15
15
15
15
15
15
15
15
15
15
15
15
15
15
15
15
15
15
15
15
15
15
15
15
15
15
15
15
15
15
15
15
15
15
15
15
15
15
15
15
15
15
15
15
15
15
15
15
15
15
15
15
15
15
15
15
15
15
15
15
15
15
15
15
15
15
15
15
15
15
15
15
15
15
15
15
15
15
15
15
15
15
15
15
15
15
15
15
15
15
15
15
15
15
15
15
15
15
15
15
15
15
15
15
15
15
15
15
15
15
15
15
15
15
15
15
15
15
15
15
15
15
15
15
15
15
15
15
15
15
15
15
15
15
15
15
15
15
15
15
15
15
15
15
15
15
15
15
15
15
15
15
15
15
15
15
15
15
15
15
15
15
15
15
15
15
15
15
15
15
15
15
15
15
15
15
15
15
15
15
15
15
15
15
15
15
15
15
15
15
15
15
15
15
15
15
15
15
15
15
15
15
15
15
15
15
15
15
15
15
15
15
15
15
15
15
15
15
15
15
15
15
15
15
15
15
15
15
15
15
15
15
15
15
15
15
15
15
15
15
15
15
15
15
15
15
15
15
15
15
15
15
15
15
15
15
15
15
15
15
15
15
15
15
15
15
15
15
15
15
15
15
15
15
15
15
15
15
15
15
15
15
15
15
15
15
15
15
15
15
15
15
15
15
15
15
15
15
15
15
15
15
15
15
15
15
15
15
15
15
15
15
15
15
15
15
15
15
15
15
15
15
15
15
15
15
15
15
15
15
15
15
15
15
15
15
15
15
15
15
15
15
15
15
15
15
15
15
15
15
15
15
15
15
15
15
15
15
15
15
15
15
15
15
15
15
15
15
15
15
15
15
15
15
15
15
15
15
15
15
15
15
15
15
15
15
15
15
15
15
15
15
15
15
15
15
15
15
15
15
15
15
15
15
15
15
15
15
15
15
15
15
15
15
15
15
15
15
15
15
15
15
15
15
15
15
15
15
15
15
15
15
15
15
15
15
15
15
15
15
15
15
15
15
15
15
15
15
15
15
15
15
15
15
15
15
15
15
15
15
15
15
15
15
15
15
15
15
15
15
15
15
15
15
15
15
15
15
15
15
15
15
15
15
15
15
15
15
15
15
15
15
15
15
15
15
15
15
15
15
15
15
15
15
15
15
15
15
15
15
15
15
15
15
15
15
15
15
15
15
15
15
15
15
15
15
15
15
15
15
15
15
15
15
15
15
15
15
15
15
15
15
15
15
15
15
15
15
15
15
15
15
15
15
15
15
15
15
15
15
15
15
15
15
15
15
15
15
15
15
15
15
15
15
15
15
15
15
15
15
15
15
15
15
15
15
15
15
15
15
15
15
15
15
15
15
15
15
15
15
15
15
15
15
15
15
15
15
15
15
15
15
15
15
15
15
15
15
15
15
15
15
15
15
15
15
15
15
15
15
15
15
15
15
15
15
15
15
15
15
15
15
15
15
15
15
15
15
15
15
15
15
15
15
15
15
15
15
15
15
15
15
15
15
15
15
15
15
15
15
15
15
15
15
15
15
15
15
15
15
15
15
15
15
15
15
15
15
15
15
15
15
15
15
15
15
15
15
15
15
15
15
15
15
15
15
15
15
15
15
15
15
15
15
15
15
15
15
15
15
15
15
15
15
15
15
15
15
15
15
15
15
15
15
15
15
15
15
15
15
15
15
15
15
15
15
15
15
15
15
15
15
15
15
15
15
15
15
15
15
15
15
15
15
15
15
15
15
15
15
15
15
15
15
15
15
15
15
15
15
15
15
15
15
15
15
15
15
15
15
15
15
15
15
15
15
15
15
15
15
15
15
15
15
15
15
15
15
15
15
15
15
15
15
15
15
15
15
15
15
15
15
15
15
15
15
15
15
15
15
15
15
15
15
15
15
15
15
15
15
15
15
15
15
15
15
15
15
15
15
15
15
15
15
15
15
15
15
15
15
15
15
15
15
15
15
15
15
15
15
15
15
15
15
15
15
15
15
15
15
15
15
15
15
15
15
15
15
15
15
15
15
15
15
15
15
15
15
15
15
15
15
15
15
15
15
15
15
15
15
15
15
15
15
15
15
15
15
15
15
15
15
15
15
15
15
15
15
15
15
15
15
15
15
15
15
15
15
15
15
15
15
15
15
15
15
15
15
15
15
15
15
15
15
15
15
15
15
15
15
15
15
15
15
15
15
15
15
15
15
15
15
15
15
15
15
15
15
15
15
15
15
15
15
15
15
15
15
15
15
15
15
15
15
15
15
15
15
15
15
15
15
15
15
15
15
15
15
15
15
15
15
15
15
15
15
15
15
15
15
15
15
15
15
15
15
15
15
15
15
15
15
15
15
15
15
15
15
15
15
15
15
15
15
15
15
15
15
15
15
15
15
15
15
15
15
15
15
15
15
15
15
15
15
15
15
15
15
15
15
15
15
15
15
15
15
15
15
15
15
15
15
15
15
15
15
15
15
15
15
15
15
15
15
15
15
15
15
15
15
15
15
15
15
15
15
15
15
15
15
15
15
15
15
15
15
15
15
15
15
15
15
15
15
15
15
15
15
15
15
15
15
15
15
15
15
15
15
15
15
15
15
15
15
15
15
15
15
15
15
15
15
15
15
15
15
15
15
15
15
15
15
15
15
15
15
15
15
15
15
15
15
15
15
15
15
15
15
15
15
15
15
15
15
15
15
15
15
15
15
15
15
15
15
15
15
15
15
15
15
15
15
15
15
15
15
15
15
15
15
15
15
15
15
15
15
15
15
15
15
15
15
15
15
15
15
15
15
15
15
15
15
15
15
15
15
15
15
15
15
15
15
15
15
15
15
15
15
15
15
15
15
15
15
15
15
15
15
15
15
15
15
15
15
15
15
15
15
15
15
15
15
15
15
15
15
15
15
15
15
15
15
15
15
15
15
15
15
15
15
15
15
15
15
15
15
15
15
15
15
15
15
15
15
15
15
15
15
15
15
15
15
15
15
15
15
15
15
15
15
15
15
15
15
15
15
15
15
15
15
15
15
15
15
15
15
15
15
15
15
15
15
15
15
15
15
15
15
15
15
15
15
15
15
15
15
15
15
15
15
15
15
15
15
15
15
15
15
15
15
15
15
15
15
15
15
15
15
15
15
15
15
15
15
15
15
15
15
15
15
15
15
15
15
15
15
15
15
15
15
15
15
15
15
15
15
15
15
15
15
15
15
15
15
15
15
15
15
15
15
15
15
15
15
15
15
15
15
15
15
15
15
15
15
15
15
15
15
15
15
15
15
15
15
15
15
15
15
15
15
15
15
15
15
15
15
15
15
15
15
15
15
15
15
15
15
15
15
15
15
15
15
15
15
15
15
15
15
15
15
15
15
15
15
15
15
15
15
15
15
15
15
15
15
15
15
15
15
15
15
15
15
15
15
15
15
15
15
15
15
15
15
15
15
15
15
15
15
15
15
15
15
15
15
15
15
15
15
15
15
15
15
15
15
15
15
15
15
15
15
15
15
15
15
15
15
15
15
15
15
15
15
15
15
15
15
15
15
15
15
15
15
15
15
15
15
15
15
15
15
15
15
15
15
15
15
15
15
15
15
15
15
15
15
15
15
15
15
15
15
15
15
15
15
15
15
15
15
15
15
15
15
15
15
15
15
15
15
15
15
15
15
15
15
15
15
15
15
15
15
15
15
15
15
15
15
15
15
15
15
15
15
15
15
15
15
15
15
15
15
15
15
15
15
15
15
15
15
15
15
15
15
15
15
15
15
15
15
15
15
15
15
15
15
15
15
15
15
15
15
15
15
15
15
15
15
15
15
15
15
15
15
15
15
15
15
15
15
15
15
15
15
15
15
15
15
15
15
15
15
15
15
15
15
15
15
15
15
15
15
15
15
15
15
15
15
15
15
15
15
15
15
15
15
15
15
15
15
15
15
15
15
15
15
15
15
15
15
15
15
15
15
15
15
15
15
15
15
15
15
15
15
15
15
15
15
15
15
15
15
15
15
15
15
15
15
15
15
15
15
15
15
15
15
15
15
15
15
15
15
15
15
15
15
15
15
15
15
15
15
15
15
15
15
15
15
15
15
15
15
15
15
15
15
15
15
15
15
15
15
15
15
15
15
15
15
15
15
15
15
15
15
15
15
15
15
15
15
15
15
15
15
15
15
15
15
15
15
15
15
15
15
15
15
15
15
15
15
15
15
15
15
15
15
15
15
15
15
15
15
15
15
15
15
15
15
15
15
15
15
15
15
15
15
15
15
15
15
15
15
15
15
15
15
15
15
15
15
15
15
15
15
15
15
15
15
15
15
15
15
15
15
15
15
15
15
15
15
15
15
15
15
15
15
15
15
15
15
15
15
15
15
15
15
15
15
15
15
15
15
15
15
15
15
15
15
15
15
15
15
15
15
15
15
15
15
15
15
15
15
15
15
15
15
15
15
15
15
15
15
15
15
15
15
15
15
15
15
15
15
15
15
15
15
15
15
15
15
15
15
15
15
15
15
15
15
15
15
15
15
15
15
15
15
15
15
15
15
15
15
15
15
15
15
15
15
15
15
15
15
15
15
15
15
15
15
15
15
15
15
15
15
15
15
15
15
15
15
15
15
15
15
15
15
15
15
15
15
15
15
15
15
15
15
15
15
15
15
15
15
15
15
15
15
15
15
15
15
15
15
15
15
15
15
15
15
15
15
15
15
15
15
15
15
15
15
15
15
15
15
15
15
15
15
15
15
15
15
15
15
15
15
15
15
15
15
15
15
15
15
15
15
15
15
15
15
15
15
15
15
15
15
15
15
15
15
15
15
15
15
15
15
15
15
15
15
15
15
15
15
15
15
15
15
15
15
15
15
15
15
15
15
15
15
15
15
15
15
15
15
15
15
15
15
15
15
15
15
15
15
15
15
15
15
15
15
15
15
15
15
15
15
15
15
15
15
15
15
15
15
15
15
15
15
15
15
15
15
15
15
15
15
15
15
15
15
15
15
15
15
15
15
15
15
15
15
15
15
15
15
15
15
15
15
15
15
15
15
15
15
15
15
15
15
15
15
15
15
15
15
15
15
15
15
15
15
15
15
15
15
15
15
15
15
15
15
15
15
15
15
15
15
15
15
15
15
15
15
15
15
15
15
15
15
15
15
15
15
15
15
15
15
15
15
15
15
15
15
15
15
15
15
15
15
15
15
15
15
15
15
15
15
15
15
15
15
15
15
15
15
15
15
15
15
15
15
15
15
15
15
15
15
15
15
15
15
15
15
15
15
15
15
15
15
15
15
15
15
15
15
15
15
15
15
15
15
15
15
15
15
15
15
15
15
15
15
15
15
15
15
15
15
15
15
15
15
15
15
15
15
15
15
15
15
15
15
15
15
15
15
15
15
15
15
15
15
15
15
15
15
15
15
15
15
15
15
15
15
15
15
15
15
15
15
15
15
15
15
15
15
15
15
15
15
15
15
15
15
15
15
15
15
15
15
15
15
15
15
15
15
15
15
15
15
15
15
15
15
15
15
15
15
15
15
15
15
15
15
15
15
15
15
15
15
15
15
15
15
15
15
15
15
15
15
15
15
15
15
15
15
15
15
15
15
15
15
15
15
15
15
15
15
15
15
15
15
15
15
15
15
15
15
15
15
15
15
15
15
15
15
15
15
15
15
15
15
15
15
15
15
15
15
15
15
15
15
15
15
15
15
15
15
15
15
15
15
14.999
14.999
14.999
14.999
14.999
14.999
14.999
14.999
14.999
14.999
14.999
14.999
14.999
14.999
14.999
14.999
14.999
14.999
14.999
14.999
14.999
14.999
14.999
14.999
14.999
14.999
14.999
14.999
14.999
14.999
14.999
14.999
14.999
14.999
14.999
14.999
14.999
14.999
14.999
14.999
14.999
14.999
14.999
14.999
14.999
14.999
14.999
14.999
14.999
14.999
14.999
14.999
14.999
14.999
14.999
14.999
14.999
14.999
14.999
14.999
14.999
14.999
14.999
14.999
14.999
14.999
14.999
14.999
14.999
14.999
14.999
14.999
14.999
14.999
14.999
14.999
14.999
14.999
14.999
14.999
14.999
14.999
14.999
14.999
14.999
14.999
14.999
14.999
14.999
14.999
14.999
14.999
14.999
14.999
14.999
14.999
14.999
14.999
14.999
14.999
14.999
14.999
14.999
14.999
14.999
14.999
14.999
14.999
14.999
14.998
14.998
14.998
14.998
14.998
14.998
14.998
14.998
14.998
14.998
14.998
14.998
14.998
14.998
14.998
14.998
14.998
14.998
14.998
14.998
14.998
14.998
14.998
14.998
14.998
14.998
14.998
14.998
14.998
14.998
14.998
14.998
14.998
14.998
14.998
14.998
14.998
14.998
14.998
14.998
14.998
14.998
14.998
14.998
14.998
14.998
14.998
14.998
14.998
14.998
14.998
14.998
14.998
14.998
14.997
14.997
14.997
14.997
14.997
14.997
14.997
14.997
14.997
14.997
14.997
14.997
14.997
14.997
14.997
14.997
14.997
14.997
14.997
14.997
14.997
14.997
14.997
14.997
14.997
14.997
14.997
14.997
14.997
14.997
14.997
14.997
14.997
14.997
14.997
14.997
14.996
14.996
14.996
14.996
14.996
14.996
14.996
14.996
14.996
14.996
14.996
14.996
14.996
14.996
14.996
14.996
14.996
14.996
14.996
14.996
14.996
14.996
14.996
14.996
14.996
14.996
14.996
14.996
14.995
14.995
14.995
14.995
14.995
14.995
14.995
14.995
14.995
14.995
14.995
14.995
14.995
14.995
14.995
14.995
14.995
14.995
14.995
14.995
14.995
14.995
14.994
14.994
14.994
14.994
14.994
14.994
14.994
14.994
14.994
14.994
14.994
14.994
14.994
14.994
14.994
14.994
14.994
14.994
14.994
14.993
14.993
14.993
14.993
14.993
14.993
14.993
14.993
14.993
14.993
14.993
14.993
14.993
14.993
14.993
14.993
14.993
14.992
14.992
14.992
14.992
14.992
14.992
14.992
14.992
14.992
14.992
14.992
14.992
14.992
14.992
14.991
14.991
14.991
14.991
14.991
14.991
14.991
14.991
14.991
14.991
14.991
14.991
14.991
14.99
14.99
14.99
14.99
14.99
14.99
14.99
14.99
14.99
14.99
14.99
14.99
14.989
14.989
14.989
14.989
14.989
14.989
14.989
14.989
14.989
14.989
14.989
14.988
14.988
14.988
14.988
14.988
14.988
14.988
14.988
14.988
14.988
14.987
14.987
14.987
14.987
14.987
14.987
14.987
14.987
14.987
14.986
14.986
14.986
14.986
14.986
14.986
14.986
14.986
14.986
14.985
14.985
14.985
14.985
14.985
14.985
14.985
14.985
14.984
14.984
14.984
14.984
14.984
14.984
14.984
14.984
14.983
14.983
14.983
14.983
14.983
14.983
14.983
14.982
14.982
14.982
14.982
14.982
14.982
14.982
14.981
14.981
14.981
14.981
14.981
14.981
14.981
14.98
14.98
14.98
14.98
14.98
14.98
14.979
14.979
14.979
14.979
14.979
14.979
14.978
14.978
14.978
14.978
14.978
14.978
14.977
14.977
14.977
14.977
14.977
14.976
14.976
14.976
14.976
14.976
14.976
14.975
14.975
14.975
14.975
14.975
14.974
14.974
14.974
14.974
14.974
14.973
14.973
14.973
14.973
14.972
14.972
14.972
14.972
14.972
14.971
14.971
14.971
14.971
14.971
14.97
14.97
14.97
14.97
14.969
14.969
14.969
14.969
14.968
14.968
14.968
14.968
14.967
14.967
14.967
14.967
14.966
14.966
14.966
14.966
14.965
14.965
14.965
14.965
14.964
14.964
14.964
14.964
14.963
14.963
14.963
14.962
14.962
14.962
14.962
14.961
14.961
14.961
14.96
14.96
14.96
14.959
14.959
14.959
14.959
14.958
14.958
14.958
14.957
14.957
14.957
14.956
14.956
14.956
14.955
14.955
14.955
14.954
14.954
14.954
14.953
14.953
14.953
14.952
14.952
14.952
14.951
14.951
14.951
14.95
14.95
14.949
14.949
14.949
14.948
14.948
14.948
14.947
14.947
14.946
14.946
14.946
14.945
14.945
14.944
14.944
14.944
14.943
14.943
14.942
14.942
14.942
14.941
14.941
14.94
14.94
14.939
14.939
14.939
14.938
14.938
14.937
14.937
14.936
14.936
14.935
14.935
14.934
14.934
14.934
14.933
14.933
14.932
14.932
14.931
14.931
14.93
14.93
14.929
14.929
14.928
14.928
14.927
14.927
14.926
14.926
14.925
14.925
14.924
14.923
14.923
14.922
14.922
14.921
14.921
14.92
14.92
14.919
14.919
14.918
14.917
14.917
14.916
14.916
14.915
14.915
14.914
14.913
14.913
14.912
14.912
14.911
14.91
14.91
14.909
14.908
14.908
14.907
14.907
14.906
14.905
14.905
14.904
14.903
14.903
14.902
14.901
14.901
14.9
14.899
14.899
14.898
14.897
14.896
14.896
14.895
14.894
14.894
14.893
14.892
14.891
14.891
14.89
14.889
14.889
14.888
14.887
14.886
14.886
14.885
14.884
14.883
14.882
14.882
14.881
14.88
14.879
14.878
14.878
14.877
14.876
14.875
14.874
14.874
14.873
14.872
14.871
14.87
14.869
14.868
14.868
14.867
14.866
14.865
14.864
14.863
14.862
14.861
14.86
14.86
14.859
14.858
14.857
14.856
14.855
14.854
14.853
14.852
14.851
14.85
14.849
14.848
14.847
14.846
14.845
14.844
14.843
14.842
14.841
14.84
14.839
14.838
14.837
14.836
14.835
14.834
14.833
14.832
14.831
14.83
14.828
14.827
14.826
14.825
14.824
14.823
14.822
14.821
14.82
14.818
14.817
14.816
14.815
14.814
14.813
14.811
14.81
14.809
14.808
14.807
14.805
14.804
14.803
14.802
14.8
14.799
14.798
14.797
14.795
14.794
14.793
14.792
14.79
14.789
14.788
14.786
14.785
14.784
14.782
14.781
14.78
14.778
14.777
14.776
14.774
14.773
14.771
14.77
14.769
14.767
14.766
14.764
14.763
14.761
14.76
14.758
14.757
14.755
14.754
14.752
14.751
14.749
14.748
14.746
14.745
14.743
14.742
14.74
14.739
14.737
14.735
14.734
14.732
14.731
14.729
14.727
14.726
14.724
14.722
14.721
14.719
14.717
14.716
14.714
14.712
14.711
14.709
14.707
14.705
14.704
14.702
14.7
14.698
14.697
14.695
14.693
14.691
14.689
14.688
14.686
14.684
14.682
14.68
14.678
14.676
14.674
14.673
14.671
14.669
14.667
14.665
14.663
14.661
14.659
14.657
14.655
14.653
14.651
14.649
14.647
14.645
14.643
14.641
14.639
14.637
14.635
14.632
14.63
14.628
14.626
14.624
14.622
14.62
14.617
14.615
14.613
14.611
14.609
14.606
14.604
14.602
14.6
14.597
14.595
14.593
14.59
14.588
14.586
14.583
14.581
14.579
14.576
14.574
14.572
14.569
14.567
14.564
14.562
14.559
14.557
14.554
14.552
14.549
14.547
14.544
14.542
14.539
14.537
14.534
14.532
14.529
14.526
14.524
14.521
14.519
14.516
14.513
14.511
14.508
14.505
14.502
14.5
14.497
14.494
14.491
14.489
14.486
14.483
14.48
14.477
14.475
14.472
14.469
14.466
14.463
14.46
14.457
14.454
14.451
14.448
14.445
14.442
14.439
14.436
14.433
14.43
14.427
14.424
14.421
14.418
14.415
14.412
14.408
14.405
14.402
14.399
14.396
14.393
14.389
14.386
14.383
14.38
14.376
14.373
14.37
14.366
14.363
14.36
14.356
14.353
14.349
14.346
14.343
14.339
14.336
14.332
14.329
14.325
14.322
14.318
14.315
14.311
14.308
14.304
14.3
14.297
14.293
14.289
14.286
14.282
14.278
14.275
14.271
14.267
14.263
14.26
14.256
14.252
14.248
14.244
14.24
14.236
14.233
14.229
14.225
14.221
14.217
14.213
14.209
14.205
14.201
14.197
14.193
14.189
14.185
14.18
14.176
14.172
14.168
14.164
14.16
14.155
14.151
14.147
14.143
14.138
14.134
14.13
14.125
14.121
14.117
14.112
14.108
14.103
14.099
14.095
14.09
14.086
14.081
14.077
14.072
14.067
14.063
14.058
14.054
14.049
14.044
14.04
14.035
14.03
14.025
14.021
14.016
14.011
14.006
14.002
13.997
13.992
13.987
13.982
13.977
13.972
13.967
13.962
13.957
13.952
13.947
13.942
13.937
13.932
13.927
13.922
13.917
13.911
13.906
13.901
13.896
13.891
13.885
13.88
13.875
13.869
13.864
13.859
13.853
13.848
13.842
13.837
13.831
13.826
13.82
13.815
13.809
13.804
13.798
13.793
13.787
13.781
13.776
13.77
13.764
13.758
13.753
13.747
13.741
13.735
13.729
13.724
13.718
13.712
13.706
13.7
13.694
13.688
13.682
13.676
13.67
13.664
13.658
13.652
13.645
13.639
13.633
13.627
13.621
13.614
13.608
13.602
13.595
13.589
13.583
13.576
13.57
13.564
13.557
13.551
13.544
13.538
13.531
13.524
13.518
13.511
13.505
13.498
13.491
13.485
13.478
13.471
13.464
13.458
13.451
13.444
13.437
13.43
13.423
13.416
13.409
13.402
13.395
13.388
13.381
13.374
13.367
13.36
13.353
13.346
13.338
13.331
13.324
13.317
13.309
13.302
13.295
13.287
13.28
13.273
13.265
13.258
13.25
13.243
13.235
13.228
13.22
13.213
13.205
13.197
13.19
13.182
13.174
13.166
13.159
13.151
13.143
13.135
13.127
13.119
13.111
13.104
13.096
13.088
13.08
13.072
13.063
13.055
13.047
13.039
13.031
13.023
13.014
13.006
12.998
12.99
12.981
12.973
12.965
12.956
12.948
12.939
12.931
12.922
12.914
12.905
12.897
12.888
12.879
12.871
12.862
12.853
12.845
12.836
12.827
12.818
12.81
12.801
12.792
12.783
12.774
12.765
12.756
12.747
12.738
12.729
12.72
12.711
12.701
12.692
12.683
12.674
12.665
12.655
12.646
12.637
12.627
12.618
12.608
12.599
12.59
12.58
12.571
12.561
12.551
12.542
12.532
12.523
12.513
12.503
12.493
12.484
12.474
12.464
12.454
12.444
12.434
12.425
12.415
12.405
12.395
12.385
12.375
12.364
12.354
12.344
12.334
12.324
12.314
12.303
12.293
12.283
12.272
12.262
12.252
12.241
12.231
12.22
12.21
12.199
12.189
12.178
12.168
12.157
12.146
12.136
12.125
12.114
12.103
12.093
12.082
12.071
12.06
12.049
12.038
12.027
12.016
12.005
11.994
11.983
11.972
11.961
11.95
11.939
11.927
11.916
11.905
11.894
11.882
11.871
11.86
11.848
11.837
11.825
11.814
11.802
11.791
11.779
11.768
11.756
11.744
11.733
11.721
11.709
11.697
11.686
11.674
11.662
11.65
11.638
11.626
11.614
11.602
11.59
11.578
11.566
11.554
11.542
11.53
11.518
11.506
11.493
11.481
11.469
11.457
11.444
11.432
11.419
11.407
11.395
11.382
11.37
11.357
11.345
11.332
11.319
11.307
11.294
11.281
11.269
11.256
11.243
11.23
11.217
11.205
11.192
11.179
11.166
11.153
11.14
11.127
11.114
11.101
11.088
11.075
11.061
11.048
11.035
11.022
11.009
10.995
10.982
10.969
10.955
10.942
10.928
10.915
10.901
10.888
10.874
10.861
10.847
10.834
10.82
10.806
10.793
10.779
10.765
10.751
10.738
10.724
10.71
10.696
10.682
10.668
10.654
10.64
10.626
10.612
10.598
10.584
10.57
10.556
10.542
10.528
10.513
10.499
10.485
10.471
10.456
10.442
10.428
10.413
10.399
10.384
10.37
10.355
10.341
10.326
10.312
10.297
10.282
10.268
10.253
10.238
10.224
10.209
10.194
10.179
10.165
10.15
10.135
10.12
10.105
10.09
10.075
10.06
10.045
10.03
10.015
9.9999
9.9848
9.9696
9.9545
9.9393
9.9241
9.9088
9.8936
9.8783
9.863
9.8476
9.8323
9.8169
9.8015
9.7861
9.7706
9.7551
9.7396
9.7241
9.7086
9.693
9.6774
9.6618
9.6461
9.6305
9.6148
9.5991
9.5834
9.5676
9.5518
9.536
9.5202
9.5044
9.4885
9.4726
9.4567
9.4408
9.4248
9.4088
9.3928
9.3768
9.3608
9.3447
9.3286
9.3125
9.2964
9.2802
9.2641
9.2479
9.2317
9.2154
9.1992
9.1829
9.1666
9.1503
9.1339
9.1176
9.1012
9.0848
9.0684
9.0519
9.0355
9.019
9.0025
8.986
8.9694
8.9529
8.9363
8.9197
8.903
8.8864
8.8697
8.8531
8.8364
8.8196
8.8029
8.7861
8.7694
8.7526
8.7357
8.7189
8.7021
8.6852
8.6683
8.6514
8.6345
8.6175
8.6006
8.5836
8.5666
8.5496
8.5325
8.5155
8.4984
8.4813
8.4642
8.4471
8.43
8.4128
8.3956
8.3784
8.3612
8.344
8.3268
8.3095
8.2922
8.275
8.2576
8.2403
8.223
8.2056
8.1883
8.1709
8.1535
8.1361
8.1186
8.1012
8.0837
8.0663
8.0488
8.0313
8.0137
7.9962
7.9786
7.9611
7.9435
7.9259
7.9083
7.8907
7.873
7.8554
7.8377
7.8201
7.8024
7.7847
7.7669
7.7492
7.7315
7.7137
7.696
7.6782
7.6604
7.6426
7.6248
7.6069
7.5891
7.5712
7.5534
7.5355
7.5176
7.4997
7.4818
7.4639
7.4459
7.428
7.41
7.3921
7.3741
7.3561
7.3381
7.3201
7.3021
7.284
7.266
7.2479
7.2299
7.2118
7.1937
7.1756
7.1576
7.1394
7.1213
7.1032
7.0851
7.0669
7.0488
7.0306
7.0125
6.9943
6.9761
6.9579
6.9397
6.9215
6.9033
6.8851
6.8669
6.8486
6.8304
6.8122
6.7939
6.7756
6.7574
6.7391
6.7208
6.7025
6.6843
6.666
6.6477
6.6294
6.611
6.5927
6.5744
6.5561
6.5377
6.5194
6.5011
6.4827
6.4644
6.446
6.4277
6.4093
6.391
6.3726
6.3542
6.3358
6.3175
6.2991
6.2807
6.2623
6.2439
6.2256
6.2072
6.1888
6.1704
6.152
6.1336
6.1152
6.0968
6.0784
6.06
6.0416
6.0232
6.0048
5.9864
5.968
5.9496
5.9312
5.9127
5.8943
5.8759
5.8575
5.8391
5.8207
5.8023
5.7839
5.7655
5.7471
5.7287
5.7104
5.692
5.6736
5.6552
5.6368
5.6184
5.6001
5.5817
5.5633
5.5449
5.5266
5.5082
5.4899
5.4715
5.4532
5.4348
5.4165
5.3981
5.3798
5.3615
5.3432
5.3248
5.3065
5.2882
5.2699
5.2516
5.2333
5.2151
5.1968
5.1785
5.1602
5.142
5.1237
5.1055
5.0873
5.069
5.0508
5.0326
5.0144
4.9962
4.978
4.9598
4.9417
4.9235
4.9053
4.8872
4.8691
4.8509
4.8328
4.8147
4.7966
4.7785
4.7604
4.7424
4.7243
4.7063
4.6882
4.6702
4.6522
4.6342
4.6162
4.5982
4.5802
4.5623
4.5443
4.5264
4.5085
4.4906
4.4727
4.4548
4.4369
4.4191
4.4012
4.3834
4.3656
4.3478
4.33
4.3122
4.2945
4.2767
4.259
4.2413
4.2236
4.2059
4.1883
4.1706
4.153
4.1353
4.1177
4.1002
4.0826
4.065
4.0475
4.03
4.0125
3.995
3.9775
3.9601
3.9426
3.9252
3.9078
3.8904
3.8731
3.8557
3.8384
3.8211
3.8038
3.7865
3.7693
3.7521
3.7349
3.7177
3.7005
3.6833
3.6662
3.6491
3.632
3.615
3.5979
3.5809
3.5639
3.5469
3.5299
3.513
3.4961
3.4792
3.4623
3.4455
3.4287
3.4119
3.3951
3.3783
3.3616
3.3449
3.3282
3.3115
3.2949
3.2783
3.2617
3.2451
3.2286
3.2121
3.1956
3.1791
3.1627
3.1463
3.1299
3.1136
3.0972
3.0809
3.0646
3.0484
3.0322
3.016
2.9998
2.9836
2.9675
2.9514
2.9354
2.9193
2.9033
2.8873
2.8714
2.8555
2.8396
2.8237
2.8079
2.7921
2.7763
2.7605
2.7448
2.7291
2.7135
2.6979
2.6823
2.6667
2.6512
2.6356
2.6202
2.6047
2.5893
2.5739
2.5586
2.5433
2.528
2.5127
2.4975
2.4823
2.4672
2.4521
2.437
2.4219
2.4069
2.3919
2.377
2.362
2.3471
2.3323
2.3175
2.3027
2.2879
2.2732
2.2585
2.2439
2.2293
2.2147
2.2002
2.1857
2.1712
2.1568
2.1424
2.128
2.1137
2.0994
2.0852
2.0709
2.0568
2.0426
2.0285
2.0145
2.0004
1.9865
1.9725
1.9586
1.9447
1.9309
1.9171
1.9033
1.8896
1.8759
1.8623
1.8487
1.8351
1.8216
1.8081
1.7947
1.7813
1.7679
1.7546
1.7413
1.7281
1.7149
1.7017
1.6886
1.6755
1.6625
1.6495
1.6365
1.6236
1.6108
1.5979
1.5851
1.5724
1.5597
1.547
1.5344
1.5219
1.5093
1.4968
1.4844
1.472
1.4597
1.4473
1.4351
1.4229
1.4107
1.3985
1.3865
1.3744
1.3624
1.3505
1.3385
1.3267
1.3149
1.3031
1.2914
1.2797
1.268
1.2564
1.2449
1.2334
1.2219
1.2105
1.1992
1.1879
1.1766
1.1654
1.1542
1.1431
1.132
1.121
1.11
1.099
1.0882
1.0773
1.0665
1.0558
1.0451
1.0344
1.0238
1.0133
1.0028
0.99234
0.98194
0.97158
0.96128
0.95102
0.94082
0.93066
0.92056
0.9105
0.9005
0.89054
0.88063
0.87078
0.86097
0.85122
0.84151
0.83186
0.82226
0.81271
0.80321
0.79376
0.78436
0.77501
0.76572
0.75647
0.74728
0.73814
0.72906
0.72002
0.71104
0.70211
0.69323
0.6844
0.67563
0.66691
0.65824
0.64962
0.64106
0.63255
0.62409
0.61569
0.60734
0.59905
0.5908
0.58261
0.57448
0.5664
0.55837
0.5504
0.54248
0.53461
0.5268
0.51905
0.51134
0.5037
0.49611
0.48857
0.48108
0.47366
0.46628
0.45897
0.4517
0.4445
0.43734
0.43025
0.42321
0.41622
0.40929
0.40242
0.3956
0.38884
0.38213
0.37548
0.36889
0.36235
0.35587
0.34945
0.34308
0.33677
0.33051
0.32431
0.31817
0.31209
0.30606
0.30009
0.29417
0.28832
0.28252
0.27678
0.27109
0.26546
0.25989
0.25438
0.24893
0.24353
0.23819
0.23291
0.22768
0.22252
0.21741
0.21236
0.20737
0.20243
0.19756
0.19274
0.18798
0.18328
0.17864
0.17406
0.16953
0.16507
0.16066
0.15631
0.15202
0.14779
0.14362
0.1395
0.13545
0.13145
0.12751
0.12364
0.11982
0.11606
0.11236
0.10872
0.10514
0.10162
0.098153
0.09475
0.091406
0.088122
0.084898
0.081733
0.078627
0.075582
0.072596
0.06967
0.066803
0.063997
0.06125
0.058563
0.055936
0.05337
0.050863
0.048416
0.046029
0.043702
0.041435
0.039228
0.037082
0.034996
0.03297
0.031004
0.029098
0.027253
0.025468
0.023743
0.022078
0.020474
0.018931
0.017447
0.016024
0.014662
0.01336
0.012118
0.010937
0.0098166
0.0087565
0.0077568
0.0068177
0.0059392
0.0051212
0.0043637
0.0036668
0.0030305
0.0024547
0.0019396
0.001485
0.001091
0.00075768
0.00048492
0.00027277
0.00012123
3.0308e-05
0
